-5.999999999999985789e+01
-3.199999999999993747e+02
-2.399999999999995453e+02
-3.199999999999993747e+02
-3.599999999999993179e+02
-4.399999999999990905e+02
-2.399999999999995168e+02
-3.599999999999993179e+02
-3.799999999999992610e+02
-2.199999999999995453e+02
-2.199999999999995453e+02
-1.399999999999997158e+02
-1.999999999999996305e+02
-3.999999999999992610e+02
-2.999999999999994316e+02
-2.799999999999994316e+02
-3.399999999999993179e+02
-3.199999999999993179e+02
-3.399999999999993179e+02
-3.399999999999993179e+02
-2.399999999999995453e+02
-4.199999999999992042e+02
-4.399999999999990905e+02
-3.199999999999993747e+02
-2.199999999999995453e+02
-2.599999999999994884e+02
-3.999999999999992042e+02
-4.199999999999992042e+02
-2.399999999999995453e+02
-3.199999999999993747e+02
-1.599999999999996589e+02
-2.799999999999994316e+02
-1.399999999999997158e+02
-1.999999999999996021e+02
-4.599999999999990905e+02
-2.599999999999994884e+02
-2.799999999999994316e+02
-2.599999999999994884e+02
-3.799999999999992610e+02
-3.799999999999992610e+02
-1.599999999999997158e+02
-3.799999999999992042e+02
-4.199999999999991473e+02
-1.799999999999996589e+02
-2.399999999999994884e+02
-4.999999999999990337e+02
-2.599999999999994884e+02
-2.999999999999994316e+02
-2.599999999999994884e+02
-2.999999999999993747e+02
-5.999999999999990763e+01
-5.019999999999990337e+02
-3.599999999999993179e+02
-2.799999999999994316e+02
-4.999999999999989768e+02
-2.999999999999994316e+02
-3.599999999999993179e+02
-3.399999999999993179e+02
-4.599999999999990905e+02
-2.199999999999995453e+02
-2.999999999999993747e+02
-1.599999999999996874e+02
-3.999999999999992042e+02
-3.999999999999992042e+02
-4.399999999999991473e+02
-2.799999999999994316e+02
-1.999999999999996021e+02
-4.599999999999990905e+02
-1.799999999999996589e+02
-3.999999999999992042e+02
-5.199999999999989768e+02
-3.199999999999993179e+02
-3.399999999999993179e+02
-4.599999999999990905e+02
-2.599999999999995453e+02
-3.199999999999993747e+02
-2.599999999999994884e+02
-2.819999999999994316e+02
-2.599999999999994884e+02
-4.399999999999991473e+02
-3.599999999999992610e+02
-2.199999999999996021e+02
-4.199999999999991473e+02
-3.199999999999993747e+02
-9.999999999999980105e+01
-2.599999999999994884e+02
-3.799999999999992042e+02
-3.399999999999993179e+02
-2.999999999999994316e+02
-1.199999999999997726e+02
-1.799999999999996589e+02
-3.199999999999993747e+02
-2.799999999999994316e+02
-2.799999999999994316e+02
-2.799999999999994316e+02
-3.799999999999992610e+02
-2.199999999999995453e+02
-3.399999999999993179e+02
-4.999999999999990337e+02
-3.599999999999993179e+02
-4.399999999999991473e+02
-2.599999999999994884e+02
-4.399999999999991473e+02
-2.799999999999994884e+02
-3.799999999999993179e+02
-3.199999999999993747e+02
-3.199999999999993179e+02
-1.999999999999996021e+02
-1.799999999999996589e+02
-2.799999999999994316e+02
-3.999999999999992042e+02
-3.399999999999993179e+02
-3.199999999999993179e+02
-2.399999999999995453e+02
-1.799999999999996589e+02
-3.399999999999993179e+02
-3.399999999999993179e+02
-3.999999999999992042e+02
-3.999999999999992042e+02
-3.799999999999992610e+02
-3.999999999999992042e+02
-3.199999999999993747e+02
-3.999999999999992042e+02
-4.199999999999992042e+02
-1.399999999999997158e+02
-4.399999999999990905e+02
-3.399999999999993179e+02
-2.199999999999995737e+02
-4.199999999999991473e+02
-5.199999999999989768e+02
-3.999999999999992042e+02
-3.199999999999993747e+02
-2.999999999999994316e+02
-3.199999999999993747e+02
-3.999999999999992042e+02
-4.599999999999991473e+02
-3.999999999999992042e+02
-2.999999999999994316e+02
-1.999999999999996021e+02
-4.599999999999990905e+02
-4.199999999999992042e+02
-2.399999999999995168e+02
-3.799999999999992042e+02
-2.199999999999995453e+02
-4.399999999999991473e+02
-3.799999999999992610e+02
-4.799999999999990905e+02
-4.199999999999992042e+02
-2.599999999999994316e+02
-4.199999999999992042e+02
-3.599999999999992610e+02
-2.579999999999994884e+02
-4.599999999999990905e+02
-2.999999999999994316e+02
-4.799999999999990905e+02
-4.399999999999991473e+02
-2.199999999999995453e+02
-3.199999999999993747e+02
-3.199999999999994316e+02
-3.999999999999992042e+02
-3.199999999999993747e+02
-2.599999999999994884e+02
-1.999999999999996021e+02
-3.199999999999993179e+02
-2.799999999999994884e+02
-4.399999999999991473e+02
-3.999999999999992042e+02
-5.399999999999989768e+02
-4.799999999999990905e+02
-1.999999999999996021e+02
-2.599999999999994884e+02
-2.799999999999994884e+02
-4.799999999999990905e+02
-2.999999999999994316e+02
-3.999999999999992042e+02
-4.199999999999992042e+02
-3.799999999999992042e+02
-2.999999999999994316e+02
-4.799999999999990337e+02
-3.799999999999992610e+02
-3.199999999999993747e+02
-4.199999999999992042e+02
-3.599999999999993179e+02
-3.999999999999992042e+02
-2.399999999999995453e+02
-3.599999999999993179e+02
-3.399999999999993747e+02
-2.599999999999994884e+02
-4.399999999999991473e+02
-3.199999999999993747e+02
-3.399999999999993179e+02
-3.399999999999993179e+02
-3.399999999999993179e+02
-4.799999999999990337e+02
-3.199999999999993747e+02
-2.599999999999994316e+02
-3.599999999999992610e+02
-3.999999999999992042e+02
-1.599999999999996589e+02
-2.999999999999994316e+02
-3.999999999999992042e+02
-2.799999999999994316e+02
-3.399999999999993179e+02
-4.399999999999990905e+02
-5.199999999999988631e+02
-2.599999999999994884e+02
-3.799999999999992042e+02
-3.599999999999992610e+02
-3.399999999999993179e+02
-3.199999999999994316e+02
-2.399999999999995453e+02
-3.599999999999992610e+02
-3.199999999999993747e+02
-4.599999999999990905e+02
-2.799999999999994316e+02
-2.999999999999994316e+02
-3.999999999999992042e+02
-4.399999999999991473e+02
-2.799999999999994316e+02
-3.999999999999992042e+02
-4.399999999999991473e+02
-3.599999999999993179e+02
-2.799999999999994316e+02
-4.599999999999990905e+02
-4.799999999999990905e+02
-3.399999999999993179e+02
-4.199999999999992042e+02
-2.599999999999994884e+02
-4.199999999999992042e+02
-1.199999999999997584e+02
-4.399999999999990905e+02
-4.399999999999991473e+02
-4.199999999999991473e+02
-1.399999999999997158e+02
-3.199999999999993747e+02
-2.999999999999994316e+02
-3.399999999999993179e+02
-1.399999999999997158e+02
-4.599999999999990905e+02
-2.599999999999994884e+02
-2.999999999999994316e+02
-3.599999999999993179e+02
-4.199999999999992042e+02
-4.799999999999990905e+02
-3.999999999999992042e+02
-4.999999999999990337e+02
-2.799999999999994316e+02
-4.399999999999990905e+02
-4.399999999999991473e+02
-3.399999999999993179e+02
-3.999999999999992042e+02
-2.799999999999994316e+02
-4.199999999999992042e+02
-3.599999999999993179e+02
-3.799999999999992610e+02
-4.199999999999992042e+02
-3.599999999999993179e+02
-3.599999999999992610e+02
-3.599999999999992610e+02
-4.399999999999991473e+02
-4.599999999999990905e+02
-2.999999999999994316e+02
-3.199999999999993747e+02
-4.199999999999992042e+02
-4.799999999999990905e+02
-3.599999999999993179e+02
-1.999999999999996021e+02
-4.199999999999992042e+02
-4.799999999999989768e+02
-4.399999999999991473e+02
-3.399999999999993179e+02
-4.199999999999991473e+02
-4.999999999999990337e+02
-3.599999999999993179e+02
-2.799999999999994316e+02
-4.599999999999990905e+02
-3.199999999999993747e+02
-3.399999999999993179e+02
-3.999999999999992042e+02
-3.199999999999994316e+02
-4.399999999999990905e+02
-2.799999999999994316e+02
-3.799999999999992610e+02
-4.799999999999990337e+02
-5.399999999999989768e+02
-1.799999999999996589e+02
-4.399999999999991473e+02
-2.399999999999995453e+02
-3.199999999999994316e+02
-3.999999999999992042e+02
-3.599999999999993179e+02
-2.999999999999994316e+02
-4.999999999999990905e+02
-3.599999999999993179e+02
-3.399999999999993179e+02
-2.599999999999994884e+02
-4.999999999999990337e+02
-1.999999999999996021e+02
-4.999999999999990905e+02
-4.199999999999992042e+02
-3.599999999999993179e+02
-4.999999999999989768e+02
-4.399999999999992042e+02
-3.599999999999993179e+02
-3.799999999999992042e+02
-4.199999999999992042e+02
-2.999999999999994316e+02
-4.599999999999990905e+02
-4.999999999999990337e+02
-4.799999999999990905e+02
-4.399999999999990905e+02
-3.199999999999993747e+02
-3.599999999999992610e+02
-3.599999999999993179e+02
-3.999999999999992042e+02
-4.599999999999990905e+02
-3.999999999999992042e+02
-3.199999999999993179e+02
-4.199999999999991473e+02
-2.999999999999994316e+02
-3.599999999999993179e+02
-4.999999999999989768e+02
-4.999999999999990905e+02
-4.399999999999990905e+02
-4.399999999999990905e+02
-4.399999999999990905e+02
-4.799999999999990905e+02
-3.399999999999993179e+02
-4.399999999999991473e+02
-3.399999999999993179e+02
-4.199999999999992042e+02
-3.599999999999992610e+02
-2.999999999999994316e+02
-4.999999999999990337e+02
-5.399999999999989768e+02
-2.799999999999994884e+02
-3.399999999999993179e+02
-3.799999999999992610e+02
-3.999999999999992042e+02
-2.799999999999994884e+02
-4.599999999999990905e+02
-3.999999999999992042e+02
-3.999999999999992042e+02
-2.799999999999994316e+02
-4.999999999999990337e+02
-4.199999999999992042e+02
-3.999999999999992042e+02
-3.999999999999992042e+02
-4.199999999999991473e+02
-2.399999999999995453e+02
-4.999999999999989768e+02
-3.399999999999993179e+02
-5.199999999999990905e+02
-4.999999999999989768e+02
-4.599999999999990905e+02
-4.199999999999991473e+02
-2.799999999999994316e+02
-4.799999999999990337e+02
-3.399999999999993179e+02
-4.199999999999991473e+02
-4.999999999999989768e+02
-3.799999999999992042e+02
-4.399999999999990905e+02
-3.399999999999993179e+02
-4.399999999999991473e+02
-5.199999999999989768e+02
-3.399999999999993179e+02
-3.999999999999992042e+02
-4.399999999999991473e+02
-4.999999999999990905e+02
-3.999999999999992042e+02
-4.799999999999990905e+02
-4.599999999999990905e+02
-3.999999999999992042e+02
-2.579999999999994884e+02
-4.799999999999990905e+02
-4.599999999999990905e+02
-4.999999999999990905e+02
-3.399999999999993179e+02
-4.399999999999991473e+02
-3.599999999999992610e+02
-3.599999999999993179e+02
-3.999999999999992042e+02
-2.799999999999994316e+02
-4.199999999999992042e+02
-4.799999999999990337e+02
-4.799999999999990337e+02
-3.799999999999992042e+02
-4.599999999999990337e+02
-5.399999999999989768e+02
-3.999999999999992610e+02
-4.599999999999990905e+02
-4.799999999999990905e+02
-4.599999999999990905e+02
-2.999999999999994316e+02
-4.539999999999990905e+02
-4.599999999999990905e+02
-3.599999999999992042e+02
-3.999999999999992042e+02
-4.399999999999990905e+02
-4.199999999999992042e+02
-4.999999999999989768e+02
-4.599999999999990905e+02
-4.999999999999990337e+02
-4.799999999999989768e+02
-4.999999999999990337e+02
-4.399999999999991473e+02
-4.599999999999990905e+02
-4.199999999999991473e+02
-3.999999999999992042e+02
-4.799999999999990905e+02
-4.599999999999990905e+02
-2.999999999999994316e+02
-5.199999999999989768e+02
-3.799999999999992610e+02
-4.399999999999990905e+02
-2.799999999999994316e+02
-4.399999999999990905e+02
-5.399999999999989768e+02
-5.199999999999990905e+02
-1.599999999999996589e+02
-4.399999999999990905e+02
-4.799999999999990905e+02
-4.799999999999989768e+02
-3.599999999999993179e+02
-4.799999999999989768e+02
-4.599999999999990905e+02
-3.799999999999992042e+02
-2.599999999999995453e+02
-3.599999999999993179e+02
-4.399999999999990905e+02
-4.199999999999991473e+02
-3.999999999999992042e+02
-4.999999999999990337e+02
-4.599999999999990905e+02
-4.599999999999990337e+02
-3.599999999999993179e+02
-4.599999999999990905e+02
-4.999999999999990337e+02
-4.799999999999990905e+02
-4.399999999999991473e+02
-4.399999999999991473e+02
-4.399999999999990905e+02
-4.999999999999990337e+02
-4.799999999999990905e+02
-5.199999999999989768e+02
-4.999999999999990337e+02
-5.199999999999988631e+02
-4.199999999999991473e+02
-4.799999999999989768e+02
-3.999999999999992042e+02
-4.799999999999989768e+02
-3.999999999999992042e+02
-4.599999999999990905e+02
-4.599999999999990905e+02
-4.379999999999992042e+02
-4.199999999999992042e+02
-4.399999999999991473e+02
-3.799999999999992610e+02
-3.799999999999992610e+02
-3.799999999999992610e+02
-4.399999999999991473e+02
-4.399999999999991473e+02
-3.999999999999992042e+02
-4.799999999999990905e+02
-5.599999999999989768e+02
-3.799999999999992042e+02
-3.999999999999992042e+02
-4.599999999999990905e+02
-3.399999999999993179e+02
-4.599999999999990905e+02
-4.399999999999991473e+02
-4.999999999999989768e+02
-4.999999999999990337e+02
-4.999999999999990337e+02
-4.799999999999990905e+02
-4.799999999999990337e+02
-4.999999999999990905e+02
-4.999999999999990337e+02
-3.799999999999992042e+02
-4.999999999999990337e+02
-4.999999999999990337e+02
-3.599999999999992610e+02
-2.599999999999994884e+02
-3.399999999999993179e+02
-4.999999999999989768e+02
-4.999999999999990905e+02
-4.599999999999990337e+02
-4.999999999999989768e+02
-3.599999999999993179e+02
-4.599999999999990905e+02
-4.399999999999991473e+02
-4.399999999999991473e+02
-4.999999999999989768e+02
-3.599999999999993179e+02
-4.199999999999991473e+02
-4.199999999999992042e+02
-4.999999999999989768e+02
-3.799999999999992042e+02
-4.199999999999992042e+02
-4.599999999999990905e+02
-4.799999999999990337e+02
-3.999999999999992042e+02
-3.799999999999992610e+02
-4.999999999999989768e+02
-4.199999999999992042e+02
-4.399999999999991473e+02
-4.599999999999990905e+02
-4.399999999999991473e+02
-4.799999999999989768e+02
-4.599999999999990905e+02
-4.399999999999991473e+02
-4.399999999999991473e+02
-4.199999999999991473e+02
-4.199999999999992042e+02
-3.799999999999992610e+02
-4.599999999999990905e+02
-4.599999999999990905e+02
-4.199999999999990905e+02
-4.999999999999990905e+02
-4.399999999999990905e+02
-3.799999999999992042e+02
-4.799999999999990905e+02
-5.599999999999989768e+02
-4.199999999999992042e+02
-4.799999999999990337e+02
-4.599999999999990905e+02
-4.199999999999991473e+02
-4.799999999999989768e+02
-4.799999999999990337e+02
-4.399999999999990905e+02
-4.999999999999990905e+02
-4.599999999999990905e+02
-3.599999999999993179e+02
-4.399999999999990905e+02
-4.399999999999991473e+02
-5.199999999999990905e+02
-4.999999999999989768e+02
-4.799999999999989768e+02
-4.799999999999990337e+02
-4.999999999999989768e+02
-3.999999999999992042e+02
-4.799999999999990905e+02
-4.599999999999990337e+02
-4.399999999999990905e+02
-4.999999999999990337e+02
-4.399999999999990905e+02
-5.199999999999990905e+02
-4.799999999999990337e+02
-3.399999999999993179e+02
-4.999999999999990337e+02
-4.799999999999989768e+02
-4.599999999999990905e+02
-4.799999999999990337e+02
-4.199999999999992042e+02
-4.599999999999990337e+02
-5.599999999999989768e+02
-4.399999999999991473e+02
-4.599999999999990905e+02
-4.999999999999990337e+02
-5.199999999999990905e+02
-4.799999999999990905e+02
-4.999999999999990337e+02
-5.599999999999989768e+02
-5.199999999999990905e+02
-4.799999999999990905e+02
-5.199999999999990905e+02
-3.999999999999992042e+02
-3.399999999999993179e+02
-5.599999999999989768e+02
-4.799999999999990337e+02
-4.999999999999990337e+02
-4.999999999999990905e+02
-4.199999999999990905e+02
-4.199999999999992042e+02
-4.999999999999989768e+02
-4.999999999999990905e+02
-3.999999999999992042e+02
-4.999999999999990337e+02
-4.799999999999989768e+02
-4.999999999999990337e+02
-3.599999999999993179e+02
-4.999999999999989768e+02
-4.199999999999992042e+02
-4.599999999999990905e+02
-4.599999999999990905e+02
-4.799999999999990337e+02
-4.199999999999992042e+02
-4.799999999999990905e+02
-4.999999999999990337e+02
-5.199999999999989768e+02
-4.799999999999990337e+02
-4.599999999999990337e+02
-4.999999999999990337e+02
-4.799999999999990905e+02
-4.599999999999990337e+02
-5.599999999999989768e+02
-4.399999999999991473e+02
-4.199999999999992042e+02
-4.799999999999989768e+02
-5.139999999999989768e+02
-4.999999999999990905e+02
-5.599999999999989768e+02
-4.859999999999990905e+02
-4.999999999999990337e+02
-4.399999999999991473e+02
-4.999999999999990337e+02
-5.599999999999989768e+02
-4.199999999999992042e+02
-4.799999999999990337e+02
-4.599999999999990905e+02
-4.799999999999990337e+02
-4.799999999999990905e+02
-4.799999999999989768e+02
-4.599999999999990905e+02
-4.999999999999990337e+02
-4.399999999999990905e+02
-4.599999999999990905e+02
-4.999999999999990905e+02
-5.199999999999990905e+02
-4.999999999999990905e+02
-4.399999999999991473e+02
-3.799999999999992042e+02
-4.799999999999990905e+02
-4.599999999999990905e+02
-4.399999999999991473e+02
-4.399999999999990905e+02
-4.999999999999990905e+02
-4.999999999999990337e+02
-4.599999999999990905e+02
-4.999999999999990905e+02
-5.199999999999989768e+02
-4.999999999999989768e+02
-5.599999999999989768e+02
-3.799999999999992042e+02
-4.999999999999990905e+02
-4.799999999999990905e+02
-4.399999999999991473e+02
-4.999999999999990337e+02
-4.999999999999990337e+02
-4.399999999999991473e+02
-4.999999999999990905e+02
-4.999999999999990337e+02
-5.199999999999990905e+02
-5.199999999999989768e+02
-4.999999999999990337e+02
-4.199999999999992042e+02
-4.599999999999990905e+02
-4.199999999999992042e+02
-4.999999999999990337e+02
-4.999999999999990337e+02
-4.399999999999990905e+02
-4.799999999999989768e+02
-4.799999999999990337e+02
-4.599999999999990905e+02
-4.599999999999990337e+02
-5.199999999999988631e+02
-4.999999999999990337e+02
-4.799999999999990905e+02
-4.599999999999990337e+02
-4.999999999999990905e+02
-4.599999999999990905e+02
-4.399999999999990905e+02
-4.799999999999990905e+02
-4.799999999999990905e+02
-5.199999999999990905e+02
-4.999999999999990337e+02
-4.999999999999990337e+02
-4.799999999999990905e+02
-4.399999999999991473e+02
-4.999999999999990905e+02
-4.799999999999990905e+02
-4.799999999999990337e+02
-4.999999999999990337e+02
-4.999999999999989768e+02
-5.599999999999989768e+02
-4.999999999999990337e+02
-4.799999999999990905e+02
-4.199999999999992042e+02
-4.999999999999990337e+02
-4.799999999999990337e+02
-4.399999999999990905e+02
-3.999999999999992042e+02
-4.399999999999990905e+02
-4.799999999999990905e+02
-4.799999999999990337e+02
-3.799999999999992610e+02
-5.599999999999989768e+02
-4.399999999999990905e+02
-4.799999999999990905e+02
-4.999999999999990337e+02
-5.199999999999990905e+02
-4.799999999999990905e+02
-4.999999999999989768e+02
-4.999999999999990337e+02
-4.999999999999990337e+02
-5.139999999999990905e+02
-4.599999999999990905e+02
-4.399999999999991473e+02
-4.799999999999990905e+02
-4.799999999999990337e+02
-5.199999999999990905e+02
-5.199999999999990905e+02
-4.999999999999990337e+02
-4.599999999999990905e+02
-5.199999999999990905e+02
-4.599999999999990905e+02
-4.999999999999990905e+02
-4.399999999999991473e+02
-4.599999999999990905e+02
-4.999999999999990905e+02
-5.199999999999989768e+02
-4.399999999999990905e+02
-4.999999999999990337e+02
-4.999999999999990337e+02
-5.599999999999989768e+02
-4.799999999999990337e+02
-4.799999999999990905e+02
-4.799999999999990905e+02
-4.999999999999990905e+02
-4.199999999999992042e+02
-4.799999999999990905e+02
-4.599999999999990905e+02
-4.999999999999990905e+02
-5.199999999999990905e+02
-4.799999999999990905e+02
-4.799999999999990337e+02
-4.999999999999990905e+02
-4.599999999999990905e+02
-4.999999999999990905e+02
-4.799999999999990337e+02
-4.799999999999990905e+02
-5.199999999999990905e+02
-4.799999999999990905e+02
-4.999999999999989768e+02
-5.599999999999989768e+02
-4.999999999999990337e+02
-4.799999999999990337e+02
-3.999999999999992042e+02
-4.799999999999990337e+02
-4.799999999999989768e+02
-5.599999999999989768e+02
-4.799999999999990337e+02
-4.999999999999990905e+02
-4.999999999999990337e+02
-4.999999999999990905e+02
-5.199999999999990905e+02
-4.999999999999990337e+02
-5.599999999999989768e+02
-4.599999999999990905e+02
-5.199999999999990905e+02
-4.799999999999990337e+02
-5.199999999999990905e+02
-4.799999999999990905e+02
-4.799999999999990337e+02
-5.599999999999989768e+02
-5.199999999999990905e+02
-4.599999999999990905e+02
-4.999999999999990905e+02
-4.399999999999991473e+02
-4.999999999999990905e+02
-4.999999999999990905e+02
-4.599999999999990905e+02
-4.999999999999990337e+02
-4.199999999999992042e+02
-5.199999999999990905e+02
-4.999999999999990905e+02
-4.399999999999991473e+02
-4.799999999999990337e+02
-5.199999999999990905e+02
-4.399999999999990905e+02
-4.599999999999990905e+02
-4.599999999999990905e+02
-4.799999999999990905e+02
-5.599999999999989768e+02
-4.399999999999990905e+02
-5.199999999999989768e+02
-4.399999999999990905e+02
-4.999999999999990905e+02
-4.999999999999990337e+02
-5.199999999999989768e+02
-4.399999999999990905e+02
-4.599999999999990905e+02
-5.199999999999990905e+02
-4.399999999999990905e+02
-4.599999999999990905e+02
-4.199999999999992042e+02
-5.199999999999990905e+02
-4.799999999999990337e+02
-5.199999999999990905e+02
-4.799999999999990337e+02
-4.199999999999992042e+02
-4.999999999999990905e+02
-4.399999999999990905e+02
-5.199999999999990905e+02
-4.599999999999990905e+02
-4.799999999999990337e+02
-4.399999999999990905e+02
-5.199999999999990905e+02
-4.999999999999990905e+02
-4.599999999999990905e+02
-4.999999999999990905e+02
-4.399999999999990905e+02
-5.599999999999989768e+02
-4.779999999999990905e+02
-4.399999999999990905e+02
-4.599999999999990905e+02
-5.199999999999990905e+02
-4.799999999999990337e+02
-5.599999999999989768e+02
-5.199999999999990905e+02
-5.199999999999990905e+02
-5.199999999999990905e+02
-5.599999999999989768e+02
-4.999999999999990905e+02
-4.999999999999990337e+02
-5.199999999999990905e+02
-4.999999999999990905e+02
-4.399999999999990905e+02
-4.599999999999990905e+02
-4.999999999999990905e+02
-4.999999999999990337e+02
-4.399999999999990905e+02
-4.399999999999990905e+02
-4.999999999999990905e+02
-5.199999999999990905e+02
-4.999999999999990905e+02
-4.799999999999990337e+02
-5.199999999999990905e+02
-5.199999999999990905e+02
-4.999999999999990905e+02
-5.199999999999989768e+02
-5.199999999999990905e+02
-5.199999999999990905e+02
-5.199999999999990905e+02
-5.199999999999990905e+02
-4.999999999999990905e+02
-5.599999999999989768e+02
-4.999999999999990905e+02
-4.999999999999990905e+02
-4.599999999999990905e+02
-5.199999999999990905e+02
-4.599999999999990905e+02
-5.199999999999990905e+02
-4.999999999999990337e+02
-4.599999999999990905e+02
-4.599999999999990905e+02
-4.599999999999990905e+02
-4.999999999999990337e+02
-4.999999999999990905e+02
-4.599999999999990905e+02
-4.599999999999990905e+02
-4.399999999999990905e+02
-5.199999999999990905e+02
-5.199999999999990905e+02
-4.335999999999991132e+02
-4.999999999999990905e+02
-5.199999999999990905e+02
-4.599999999999990905e+02
-4.399999999999990905e+02
-4.399999999999990905e+02
-5.199999999999990905e+02
-5.199999999999990905e+02
-5.199999999999990905e+02
-5.199999999999990905e+02
-5.199999999999990905e+02
-4.599999999999990905e+02
-5.199999999999990905e+02
-4.599999999999990905e+02
-4.399999999999990905e+02
-5.199999999999989768e+02
-4.599999999999990905e+02
-5.199999999999990905e+02
-4.599999999999990905e+02
-4.599999999999990905e+02
-4.599999999999990905e+02
-4.599999999999990905e+02
-5.199999999999990905e+02
-4.999999999999990905e+02
-4.599999999999990905e+02
-5.199999999999990905e+02
-5.199999999999990905e+02
-5.199999999999990905e+02
-4.599999999999990905e+02
-4.599999999999990905e+02
-5.199999999999990905e+02
-5.199999999999990905e+02
-5.199999999999990905e+02
-5.199999999999990905e+02
-4.599999999999990905e+02
-4.599999999999990905e+02
-5.599999999999989768e+02
-5.199999999999990905e+02
-4.999999999999990905e+02
-4.599999999999990905e+02
-4.399999999999990905e+02
-5.199999999999990905e+02
-5.199999999999990905e+02
-4.599999999999990905e+02
-5.199999999999990905e+02
-4.599999999999990905e+02
-5.199999999999990905e+02
-5.199999999999989768e+02
-4.999999999999990905e+02
-4.599999999999990905e+02
-5.199999999999990905e+02
-5.199999999999990905e+02
-5.199999999999990905e+02
-4.599999999999990905e+02
-4.399999999999990905e+02
-5.199999999999990905e+02
-5.199999999999990905e+02
-4.599999999999990905e+02
-5.199999999999990905e+02
-5.199999999999990905e+02
-5.199999999999990905e+02
-5.199999999999990905e+02
-4.599999999999990905e+02
-5.199999999999990905e+02
-5.199999999999989768e+02
-5.199999999999990905e+02
-5.599999999999989768e+02
-4.559999999999990905e+02
-5.199999999999990905e+02
-4.599999999999990905e+02
-5.199999999999990905e+02
-5.199999999999990905e+02
-5.199999999999990905e+02
-5.199999999999990905e+02
-5.199999999999990905e+02
-4.599999999999990905e+02
-4.599999999999990905e+02
-4.599999999999990905e+02
-5.199999999999990905e+02
-4.599999999999990905e+02
-5.199999999999990905e+02
-5.199999999999990905e+02
-4.599999999999990905e+02
-4.599999999999990905e+02
-5.199999999999990905e+02
-5.199999999999990905e+02
-5.199999999999990905e+02
-4.599999999999990905e+02
-4.599999999999990905e+02
-5.199999999999990905e+02
-4.399999999999990905e+02
-5.199999999999990905e+02
-5.199999999999990905e+02
-5.199999999999990905e+02
-5.199999999999990905e+02
-5.199999999999990905e+02
-5.199999999999990905e+02
-4.399999999999990905e+02
-4.599999999999990905e+02
-4.599999999999990905e+02
-5.199999999999990905e+02
-5.199999999999990905e+02
-4.599999999999990905e+02
-5.199999999999990905e+02
-5.199999999999990905e+02
-5.199999999999990905e+02
-5.199999999999990905e+02
-4.599999999999990905e+02
-5.199999999999990905e+02
-5.199999999999990905e+02
-5.199999999999990905e+02
-5.199999999999990905e+02
-5.199999999999990905e+02
-4.399999999999990905e+02
-4.399999999999990905e+02
-5.199999999999990905e+02
-5.199999999999990905e+02
-5.199999999999990905e+02
-5.199999999999990905e+02
-5.199999999999990905e+02
-5.199999999999990905e+02
-5.199999999999990905e+02
-5.199999999999990905e+02
-5.199999999999990905e+02
-5.199999999999990905e+02
-5.199999999999990905e+02
-5.199999999999990905e+02
-5.199999999999990905e+02
-5.199999999999990905e+02
-5.199999999999990905e+02
-5.199999999999990905e+02
-5.199999999999990905e+02
-5.199999999999990905e+02
-5.199999999999990905e+02
-5.199999999999990905e+02
-5.199999999999990905e+02
-5.199999999999990905e+02
-5.199999999999990905e+02
-5.199999999999990905e+02
-5.199999999999990905e+02
-5.199999999999990905e+02
-5.199999999999990905e+02
-5.199999999999990905e+02
-5.199999999999990905e+02
-5.199999999999990905e+02
