-2.199999999999995737e+02
-3.199999999999993747e+02
-1.999999999999996021e+02
-4.799999999999990905e+02
-7.999999999999985789e+01
-2.999999999999994316e+02
-3.799999999999992610e+02
-2.999999999999994316e+02
-3.399999999999993179e+02
-3.599999999999993179e+02
-4.999999999999990337e+02
-1.799999999999996589e+02
-1.999999999999996021e+02
-2.599999999999995453e+02
-1.799999999999996589e+02
-2.599999999999994884e+02
-1.399999999999997158e+02
-2.799999999999994316e+02
-3.399999999999993179e+02
-2.599999999999995453e+02
-2.199999999999996021e+02
-3.599999999999993179e+02
-3.399999999999993179e+02
-3.199999999999993747e+02
-2.799999999999994316e+02
-2.399999999999995453e+02
-2.799999999999994316e+02
-2.999999999999994316e+02
-1.799999999999996589e+02
-5.199999999999988631e+02
-3.199999999999993747e+02
-4.799999999999990905e+02
-3.199999999999993179e+02
-3.599999999999993179e+02
-2.199999999999995453e+02
-1.999999999999995737e+02
-3.599999999999993179e+02
-2.799999999999994316e+02
-2.599999999999994316e+02
-2.999999999999994316e+02
-3.799999999999992610e+02
-4.399999999999991473e+02
-3.399999999999993747e+02
-2.399999999999994884e+02
-1.799999999999996589e+02
-2.199999999999996021e+02
-4.399999999999992042e+02
-1.399999999999997158e+02
-4.799999999999990905e+02
-3.399999999999993179e+02
-3.999999999999991473e+01
-3.399999999999993179e+02
-2.199999999999995453e+02
-1.399999999999997158e+02
-1.999999999999996021e+02
-2.799999999999994316e+02
-1.999999999999996021e+02
-3.999999999999992042e+02
-2.799999999999994316e+02
-2.999999999999994316e+02
-4.199999999999992042e+02
-3.999999999999991473e+01
-4.399999999999991473e+02
-1.999999999999996021e+02
-2.799999999999994316e+02
-4.199999999999991473e+02
-3.199999999999993747e+02
-2.599999999999994884e+02
-4.199999999999991473e+02
-2.999999999999994316e+02
-2.199999999999995453e+02
-5.599999999999988631e+02
-3.399999999999993179e+02
-2.399999999999995168e+02
-4.799999999999990905e+02
-2.199999999999995737e+02
-4.199999999999992042e+02
-3.199999999999993747e+02
-3.399999999999993179e+02
-4.799999999999990905e+02
-4.199999999999992042e+02
-2.199999999999995453e+02
-4.199999999999992042e+02
-2.199999999999996021e+02
-1.999999999999996021e+02
-4.199999999999992042e+02
-4.199999999999991473e+02
-3.199999999999994316e+02
-4.199999999999992042e+02
-3.399999999999993179e+02
-4.399999999999991473e+02
-2.799999999999994316e+02
-3.799999999999992042e+02
-3.199999999999993747e+02
-2.799999999999994316e+02
-4.999999999999989768e+02
-1.999999999999996021e+02
-3.599999999999993179e+02
-2.799999999999994884e+02
-3.799999999999992610e+02
-2.399999999999995168e+02
-4.399999999999991473e+02
-1.599999999999997158e+02
-3.599999999999993179e+02
-2.999999999999994316e+02
-3.999999999999992042e+02
-1.599999999999996589e+02
-3.399999999999993179e+02
-3.399999999999993179e+02
-4.399999999999991473e+02
-3.799999999999992610e+02
-4.599999999999990905e+02
-3.199999999999993747e+02
-3.599999999999992610e+02
-2.399999999999995168e+02
-3.799999999999992610e+02
-4.799999999999990905e+02
-5.399999999999988631e+02
-4.399999999999991473e+02
-4.199999999999991473e+02
-2.799999999999994316e+02
-2.999999999999994316e+02
-3.199999999999993747e+02
-3.199999999999993747e+02
-3.199999999999993747e+02
-3.599999999999993179e+02
-2.799999999999994316e+02
-3.399999999999993179e+02
-1.999999999999996021e+02
-4.399999999999991473e+02
-3.999999999999992042e+02
-2.599999999999994884e+02
-2.599999999999994316e+02
-3.199999999999993747e+02
-4.999999999999989768e+02
-4.599999999999990905e+02
-4.599999999999991473e+02
-4.799999999999990337e+02
-4.399999999999990905e+02
-2.999999999999994316e+02
-3.199999999999993747e+02
-2.599999999999994884e+02
-2.799999999999994316e+02
-2.999999999999994316e+02
-4.799999999999990905e+02
-3.599999999999993179e+02
-3.999999999999992042e+02
-3.999999999999992042e+02
-4.199999999999991473e+02
-3.999999999999992042e+02
-3.199999999999993179e+02
-5.199999999999989768e+02
-4.199999999999992042e+02
-2.199999999999995453e+02
-4.199999999999992042e+02
-5.399999999999988631e+02
-2.399999999999995168e+02
-3.199999999999993747e+02
-4.799999999999990905e+02
-2.799999999999994316e+02
-3.399999999999993179e+02
-4.399999999999991473e+02
-3.399999999999993179e+02
-4.399999999999991473e+02
-2.799999999999994316e+02
-3.399999999999993179e+02
-4.799999999999990905e+02
-3.399999999999993179e+02
-3.599999999999993179e+02
-3.999999999999992042e+02
-3.399999999999993179e+02
-4.199999999999992042e+02
-4.799999999999990905e+02
-2.199999999999995453e+02
-3.799999999999992610e+02
-4.999999999999990337e+02
-3.199999999999993747e+02
-3.799999999999992610e+02
-5.199999999999989768e+02
-2.199999999999995453e+02
-4.799999999999990337e+02
-3.999999999999992042e+02
-3.199999999999993747e+02
-4.599999999999990905e+02
-4.399999999999991473e+02
-3.599999999999993179e+02
-4.599999999999990905e+02
-5.399999999999988631e+02
-5.399999999999989768e+02
-1.999999999999996305e+02
-1.799999999999996305e+02
-3.399999999999993179e+02
-4.399999999999990905e+02
-3.599999999999993179e+02
-3.599999999999993179e+02
-5.199999999999989768e+02
-3.999999999999992042e+02
-4.199999999999992042e+02
-3.999999999999992042e+02
-2.999999999999994316e+02
-4.599999999999990905e+02
-3.399999999999993179e+02
-4.199999999999992042e+02
-5.199999999999988631e+02
-3.999999999999992042e+02
-2.999999999999994316e+02
-4.399999999999990905e+02
-1.999999999999996021e+02
-3.999999999999992042e+02
-3.799999999999992610e+02
-2.799999999999994316e+02
-3.399999999999993179e+02
-3.199999999999993747e+02
-5.399999999999988631e+02
-2.799999999999994316e+02
-4.999999999999990337e+02
-2.399999999999995453e+02
-3.799999999999992042e+02
-2.799999999999994316e+02
-5.599999999999988631e+02
-3.199999999999994316e+02
-3.199999999999993747e+02
-3.799999999999992610e+02
-3.599999999999993179e+02
-4.599999999999990905e+02
-3.199999999999994316e+02
-3.199999999999994316e+02
-4.999999999999989768e+02
-4.599999999999990905e+02
-2.199999999999995453e+02
-5.399999999999988631e+02
-5.199999999999989768e+02
-2.999999999999994316e+02
-5.399999999999989768e+02
-2.999999999999994316e+02
-2.399999999999995453e+02
-3.999999999999992042e+02
-3.999999999999992042e+02
-4.199999999999992042e+02
-1.999999999999995737e+02
-5.199999999999989768e+02
-4.199999999999992042e+02
-4.999999999999989768e+02
-3.199999999999993747e+02
-3.999999999999992042e+02
-4.999999999999990337e+02
-3.799999999999992610e+02
-3.199999999999993747e+02
-3.599999999999992610e+02
-3.799999999999992610e+02
-4.199999999999991473e+02
-3.599999999999993179e+02
-2.199999999999996021e+02
-2.599999999999994884e+02
-4.599999999999990905e+02
-3.999999999999992042e+02
-4.199999999999992042e+02
-4.399999999999991473e+02
-3.399999999999993179e+02
-5.599999999999988631e+02
-5.599999999999988631e+02
-4.399999999999991473e+02
-4.799999999999990337e+02
-3.799999999999992610e+02
-2.599999999999994884e+02
-2.399999999999994884e+02
-3.799999999999992610e+02
-4.999999999999990337e+02
-2.199999999999996021e+02
-3.799999999999992610e+02
-3.999999999999992042e+02
-3.599999999999993179e+02
-2.599999999999994884e+02
-3.799999999999992042e+02
-1.599999999999996589e+02
-4.599999999999990905e+02
-4.199999999999992042e+02
-3.199999999999993179e+02
-5.599999999999988631e+02
-4.799999999999990905e+02
-5.399999999999988631e+02
-3.999999999999992042e+02
-3.599999999999993179e+02
-3.599999999999993179e+02
-4.999999999999989768e+02
-2.999999999999994316e+02
-4.199999999999991473e+02
-4.799999999999990905e+02
-3.399999999999993179e+02
-5.399999999999988631e+02
-4.199999999999992042e+02
-2.399999999999995168e+02
-3.199999999999993747e+02
-5.799999999999988631e+02
-4.799999999999990905e+02
-3.599999999999992042e+02
-5.399999999999988631e+02
-3.799999999999992610e+02
-5.399999999999989768e+02
-4.399999999999991473e+02
-2.399999999999995453e+02
-4.999999999999990337e+02
-4.399999999999990905e+02
-4.599999999999990905e+02
-4.999999999999990337e+02
-5.399999999999988631e+02
-4.799999999999989768e+02
-4.399999999999990905e+02
-4.799999999999990905e+02
-3.199999999999993747e+02
-3.599999999999992610e+02
-5.599999999999988631e+02
-5.599999999999988631e+02
-4.799999999999990905e+02
-4.799999999999990905e+02
-4.199999999999992042e+02
-4.199999999999992042e+02
-5.599999999999988631e+02
-4.999999999999989768e+02
-4.999999999999990337e+02
-5.399999999999989768e+02
-5.599999999999988631e+02
-4.599999999999991473e+02
-5.599999999999988631e+02
-3.199999999999993179e+02
-4.599999999999990905e+02
-4.199999999999992042e+02
-4.599999999999990905e+02
-3.199999999999993747e+02
-5.199999999999989768e+02
-4.999999999999990337e+02
-3.999999999999992042e+02
-4.799999999999990905e+02
-4.399999999999991473e+02
-5.599999999999988631e+02
-3.399999999999993179e+02
-4.599999999999990905e+02
-3.199999999999993747e+02
-5.799999999999988631e+02
-5.799999999999988631e+02
-4.799999999999990337e+02
-3.799999999999993179e+02
-4.199999999999992042e+02
-4.799999999999989768e+02
-3.599999999999993179e+02
-3.799999999999992610e+02
-4.799999999999990905e+02
-5.599999999999988631e+02
-3.799999999999992042e+02
-4.799999999999990905e+02
-5.799999999999988631e+02
-5.799999999999988631e+02
-5.199999999999989768e+02
-4.599999999999990905e+02
-5.399999999999988631e+02
-4.199999999999991473e+02
-4.799999999999990337e+02
-3.599999999999992610e+02
-5.399999999999988631e+02
-4.599999999999990905e+02
-4.599999999999991473e+02
-4.399999999999991473e+02
-5.399999999999988631e+02
-5.599999999999988631e+02
-4.199999999999992042e+02
-4.599999999999990905e+02
-4.199999999999992042e+02
-4.999999999999990337e+02
-5.599999999999988631e+02
-4.799999999999990905e+02
-5.799999999999988631e+02
-4.199999999999992042e+02
-5.199999999999989768e+02
-4.399999999999991473e+02
-4.599999999999990905e+02
-4.599999999999990905e+02
-3.799999999999992610e+02
-5.199999999999989768e+02
-4.799999999999989768e+02
-5.599999999999988631e+02
-5.199999999999989768e+02
-5.199999999999989768e+02
-5.399999999999988631e+02
-4.199999999999992042e+02
-3.599999999999992610e+02
-4.799999999999990905e+02
-5.199999999999989768e+02
-4.799999999999990905e+02
-4.999999999999990337e+02
-4.999999999999990337e+02
-2.799999999999994316e+02
-5.599999999999988631e+02
-5.499999999999988631e+02
-4.799999999999990905e+02
-4.079999999999992042e+02
-5.199999999999989768e+02
-4.599999999999990905e+02
-4.999999999999990337e+02
-4.999999999999990337e+02
-4.399999999999991473e+02
-4.599999999999990905e+02
-5.399999999999988631e+02
-3.399999999999993179e+02
-5.199999999999989768e+02
-4.399999999999991473e+02
-5.399999999999988631e+02
-4.599999999999990905e+02
-4.399999999999991473e+02
-3.999999999999992042e+02
-4.199999999999992042e+02
-3.799999999999992610e+02
-4.799999999999990905e+02
-5.799999999999988631e+02
-4.799999999999990905e+02
-5.399999999999989768e+02
-5.399999999999988631e+02
-4.799999999999990337e+02
-5.799999999999988631e+02
-4.999999999999990337e+02
-4.999999999999990337e+02
-4.539999999999990905e+02
-5.599999999999988631e+02
-5.199999999999989768e+02
-5.599999999999988631e+02
-4.799999999999990905e+02
-2.799999999999994316e+02
-4.999999999999990337e+02
-4.799999999999990905e+02
-5.599999999999988631e+02
-4.999999999999990337e+02
-4.999999999999990337e+02
-4.599999999999990905e+02
-5.399999999999988631e+02
-5.399999999999988631e+02
-3.399999999999993179e+02
-5.399999999999988631e+02
-4.799999999999990905e+02
-4.999999999999990337e+02
-5.399999999999988631e+02
-5.399999999999988631e+02
-2.999999999999994316e+02
-5.399999999999988631e+02
-4.999999999999990337e+02
-4.799999999999990905e+02
-5.399999999999988631e+02
-4.799999999999989768e+02
-5.599999999999988631e+02
-3.999999999999992610e+02
-4.399999999999991473e+02
-5.599999999999988631e+02
-5.699999999999988631e+02
-4.799999999999990905e+02
-5.199999999999989768e+02
-3.599999999999993179e+02
-5.599999999999988631e+02
-5.599999999999988631e+02
-5.399999999999988631e+02
-5.399999999999988631e+02
-4.199999999999992042e+02
-5.599999999999988631e+02
-5.399999999999988631e+02
-4.999999999999989768e+02
-5.599999999999988631e+02
-4.599999999999990905e+02
-5.599999999999988631e+02
-4.399999999999991473e+02
-4.999999999999990337e+02
-3.599999999999993179e+02
-4.599999999999990905e+02
-5.599999999999988631e+02
-5.799999999999988631e+02
-4.399999999999991473e+02
-4.799999999999990905e+02
-5.399999999999988631e+02
-5.599999999999988631e+02
-4.399999999999992042e+02
-5.399999999999988631e+02
-5.199999999999989768e+02
-4.799999999999990905e+02
-5.399999999999988631e+02
-5.599999999999988631e+02
-5.799999999999988631e+02
-4.999999999999990337e+02
-5.599999999999988631e+02
-4.799999999999990905e+02
-4.999999999999990337e+02
-4.799999999999990337e+02
-5.599999999999988631e+02
-4.399999999999992042e+02
-4.799999999999990905e+02
-4.719999999999990905e+02
-4.399999999999991473e+02
-5.199999999999989768e+02
-5.399999999999988631e+02
-4.599999999999990905e+02
-4.999999999999990337e+02
-4.799999999999990905e+02
-4.999999999999990337e+02
-5.399999999999988631e+02
-4.199999999999992042e+02
-5.199999999999989768e+02
-5.799999999999988631e+02
-3.799999999999992610e+02
-5.599999999999988631e+02
-5.599999999999988631e+02
-5.599999999999988631e+02
-5.399999999999988631e+02
-4.699999999999990905e+02
-4.799999999999990905e+02
-5.599999999999988631e+02
-5.599999999999988631e+02
-5.799999999999988631e+02
-4.999999999999990337e+02
-5.399999999999988631e+02
-5.399999999999988631e+02
-5.599999999999988631e+02
-5.399999999999988631e+02
-4.799999999999990905e+02
-5.399999999999988631e+02
-5.399999999999988631e+02
-4.799999999999990905e+02
-5.599999999999988631e+02
-5.399999999999988631e+02
-5.399999999999988631e+02
-5.399999999999988631e+02
-4.199999999999992042e+02
-4.799999999999990905e+02
-5.399999999999988631e+02
-5.399999999999988631e+02
-5.599999999999988631e+02
-5.399999999999988631e+02
-5.399999999999988631e+02
-5.399999999999988631e+02
-5.599999999999988631e+02
-5.399999999999988631e+02
-5.399999999999988631e+02
-5.399999999999988631e+02
-5.399999999999988631e+02
-5.399999999999988631e+02
-5.599999999999988631e+02
-5.399999999999988631e+02
-5.399999999999988631e+02
-5.599999999999988631e+02
-5.399999999999988631e+02
-5.599999999999988631e+02
-5.599999999999988631e+02
-5.599999999999988631e+02
-5.399999999999988631e+02
-4.999999999999990337e+02
-4.799999999999990905e+02
-5.399999999999988631e+02
-5.399999999999988631e+02
-5.399999999999988631e+02
-4.799999999999990905e+02
-5.399999999999988631e+02
-5.399999999999988631e+02
-4.799999999999990905e+02
-4.999999999999990337e+02
-5.399999999999988631e+02
-5.399999999999988631e+02
-4.799999999999990905e+02
-5.599999999999988631e+02
-5.799999999999988631e+02
-5.399999999999988631e+02
-5.399999999999988631e+02
-5.599999999999988631e+02
-5.399999999999988631e+02
-5.399999999999988631e+02
-5.399999999999988631e+02
-5.399999999999988631e+02
-5.399999999999988631e+02
-5.399999999999988631e+02
-5.799999999999988631e+02
-5.399999999999988631e+02
-5.399999999999988631e+02
-5.399999999999988631e+02
-5.799999999999988631e+02
-4.799999999999990905e+02
-5.599999999999988631e+02
-5.199999999999989768e+02
-5.599999999999988631e+02
-5.399999999999988631e+02
-5.399999999999988631e+02
-4.999999999999990337e+02
-5.599999999999988631e+02
-5.399999999999988631e+02
-5.799999999999988631e+02
-5.399999999999988631e+02
-5.599999999999988631e+02
-5.599999999999988631e+02
-5.399999999999988631e+02
-5.399999999999988631e+02
-5.399999999999988631e+02
-5.399999999999988631e+02
-5.599999999999988631e+02
-5.599999999999988631e+02
-4.999999999999990337e+02
-5.599999999999988631e+02
-5.399999999999988631e+02
-5.599999999999988631e+02
-5.399999999999988631e+02
-5.799999999999988631e+02
-5.399999999999988631e+02
-4.599999999999990905e+02
-5.399999999999988631e+02
-5.399999999999988631e+02
-5.399999999999988631e+02
-5.399999999999988631e+02
-5.599999999999988631e+02
-5.399999999999988631e+02
-4.799999999999990905e+02
-5.399999999999988631e+02
-5.399999999999988631e+02
-5.199999999999989768e+02
-5.599999999999988631e+02
-5.599999999999988631e+02
-5.599999999999988631e+02
-5.599999999999988631e+02
-5.399999999999988631e+02
-5.399999999999988631e+02
-5.799999999999988631e+02
-4.599999999999990905e+02
-5.399999999999988631e+02
-5.599999999999988631e+02
-4.799999999999990905e+02
-5.399999999999988631e+02
-5.399999999999988631e+02
-4.799999999999990905e+02
-5.599999999999988631e+02
-4.799999999999990905e+02
-5.599999999999988631e+02
-5.599999999999988631e+02
-5.599999999999988631e+02
-5.399999999999988631e+02
-5.399999999999988631e+02
-5.399999999999988631e+02
-5.599999999999988631e+02
-5.599999999999988631e+02
-5.399999999999988631e+02
-5.399999999999988631e+02
-5.599999999999988631e+02
-5.599999999999988631e+02
-5.399999999999988631e+02
-5.599999999999988631e+02
-5.599999999999988631e+02
-4.799999999999990905e+02
-5.399999999999988631e+02
-5.399999999999988631e+02
-5.599999999999988631e+02
-5.799999999999988631e+02
-5.399999999999988631e+02
-5.399999999999988631e+02
-5.399999999999988631e+02
-5.399999999999988631e+02
-5.399999999999988631e+02
-5.399999999999988631e+02
-5.399999999999988631e+02
-5.599999999999988631e+02
-5.599999999999988631e+02
-5.799999999999988631e+02
-5.799999999999988631e+02
-5.399999999999988631e+02
-5.399999999999988631e+02
-5.599999999999988631e+02
-5.399999999999988631e+02
-5.599999999999988631e+02
-5.399999999999988631e+02
-5.599999999999988631e+02
-5.399999999999988631e+02
-5.799999999999988631e+02
-5.399999999999988631e+02
-5.599999999999988631e+02
-5.399999999999988631e+02
-5.399999999999988631e+02
-5.399999999999988631e+02
-5.399999999999988631e+02
-5.599999999999988631e+02
-5.799999999999988631e+02
-5.599999999999988631e+02
-5.599999999999988631e+02
-5.599999999999988631e+02
-5.599999999999988631e+02
-5.399999999999988631e+02
-5.599999999999988631e+02
-5.599999999999988631e+02
-5.599999999999988631e+02
-5.799999999999988631e+02
-5.399999999999988631e+02
-5.599999999999988631e+02
-5.599999999999988631e+02
-5.799999999999988631e+02
-5.399999999999988631e+02
-5.799999999999988631e+02
-5.599999999999988631e+02
-5.399999999999988631e+02
-5.599999999999988631e+02
-5.599999999999988631e+02
-5.599999999999988631e+02
-5.799999999999988631e+02
-5.399999999999988631e+02
-5.399999999999988631e+02
-5.399999999999988631e+02
-5.399999999999988631e+02
-5.399999999999988631e+02
-5.399999999999988631e+02
-5.599999999999988631e+02
-5.599999999999988631e+02
-5.399999999999988631e+02
-5.399999999999988631e+02
-5.399999999999988631e+02
-5.599999999999988631e+02
-5.399999999999988631e+02
-5.399999999999988631e+02
-5.599999999999988631e+02
-5.599999999999988631e+02
-5.399999999999988631e+02
-5.399999999999988631e+02
-5.399999999999988631e+02
-5.399999999999988631e+02
-5.399999999999988631e+02
-5.399999999999988631e+02
-5.599999999999988631e+02
-5.599999999999988631e+02
-5.599999999999988631e+02
-5.399999999999988631e+02
-5.599999999999988631e+02
-5.599999999999988631e+02
-5.399999999999988631e+02
-5.599999999999988631e+02
-5.599999999999988631e+02
-5.399999999999988631e+02
-5.599999999999988631e+02
-5.599999999999988631e+02
-5.399999999999988631e+02
-5.399999999999988631e+02
-5.399999999999988631e+02
-5.399999999999988631e+02
-5.399999999999988631e+02
-5.399999999999988631e+02
-5.599999999999988631e+02
-5.399999999999988631e+02
-5.599999999999988631e+02
-5.399999999999988631e+02
-5.599999999999988631e+02
-5.599999999999988631e+02
-5.399999999999988631e+02
-5.599999999999988631e+02
-5.399999999999988631e+02
-5.399999999999988631e+02
-5.399999999999988631e+02
-5.399999999999988631e+02
-5.599999999999988631e+02
-5.399999999999988631e+02
-5.599999999999988631e+02
-5.399999999999988631e+02
-5.599999999999988631e+02
-5.599999999999988631e+02
-5.399999999999988631e+02
-5.399999999999988631e+02
-5.399999999999988631e+02
-5.399999999999988631e+02
-5.399999999999988631e+02
-5.599999999999988631e+02
-5.599999999999988631e+02
-5.399999999999988631e+02
-5.599999999999988631e+02
-5.399999999999988631e+02
-5.399999999999988631e+02
-5.599999999999988631e+02
-5.599999999999988631e+02
-5.399999999999988631e+02
-5.399999999999988631e+02
-5.599999999999988631e+02
-5.399999999999988631e+02
-5.399999999999988631e+02
-5.399999999999988631e+02
-5.399999999999988631e+02
-5.399999999999988631e+02
-5.599999999999988631e+02
-5.399999999999988631e+02
-5.399999999999988631e+02
-5.599999999999988631e+02
-5.599999999999988631e+02
-5.399999999999988631e+02
-5.399999999999988631e+02
-5.399999999999988631e+02
-5.399999999999988631e+02
-5.599999999999988631e+02
-5.599999999999988631e+02
-5.399999999999988631e+02
-5.399999999999988631e+02
-5.399999999999988631e+02
-5.599999999999988631e+02
-5.599999999999988631e+02
-5.399999999999988631e+02
-5.599999999999988631e+02
-5.399999999999988631e+02
-5.399999999999988631e+02
-5.399999999999988631e+02
-5.599999999999988631e+02
-5.399999999999988631e+02
-5.399999999999988631e+02
-5.599999999999988631e+02
-5.599999999999988631e+02
-5.399999999999988631e+02
-5.599999999999988631e+02
-5.599999999999988631e+02
-5.399999999999988631e+02
-5.399999999999988631e+02
-5.399999999999988631e+02
-5.399999999999988631e+02
-5.399999999999988631e+02
-5.599999999999988631e+02
-5.599999999999988631e+02
-5.399999999999988631e+02
-5.399999999999988631e+02
-5.399999999999988631e+02
-5.399999999999988631e+02
-5.599999999999988631e+02
-5.599999999999988631e+02
-5.399999999999988631e+02
-5.399999999999988631e+02
-5.399999999999988631e+02
-5.399999999999988631e+02
-5.399999999999988631e+02
-5.599999999999988631e+02
-5.399999999999988631e+02
-5.399999999999988631e+02
-5.599999999999988631e+02
-5.399999999999988631e+02
-5.399999999999988631e+02
-5.399999999999988631e+02
-5.399999999999988631e+02
-5.399999999999988631e+02
-5.399999999999988631e+02
-5.399999999999988631e+02
-5.399999999999988631e+02
-5.399999999999988631e+02
-5.399999999999988631e+02
-5.399999999999988631e+02
-5.599999999999988631e+02
-5.399999999999988631e+02
-5.399999999999988631e+02
-5.399999999999988631e+02
-5.399999999999988631e+02
-5.399999999999988631e+02
-5.399999999999988631e+02
-5.399999999999988631e+02
-5.399999999999988631e+02
-5.399999999999988631e+02
-5.399999999999988631e+02
-5.399999999999988631e+02
-5.399999999999988631e+02
-5.399999999999988631e+02
-5.399999999999988631e+02
-5.399999999999988631e+02
-5.399999999999988631e+02
-5.399999999999988631e+02
-5.399999999999988631e+02
-5.399999999999988631e+02
-5.399999999999988631e+02
-5.399999999999988631e+02
-5.399999999999988631e+02
-5.399999999999988631e+02
-5.399999999999988631e+02
-5.399999999999988631e+02
-5.399999999999988631e+02
-5.399999999999988631e+02
-5.399999999999988631e+02
-5.399999999999988631e+02
-5.399999999999988631e+02
-5.399999999999988631e+02
-5.399999999999988631e+02
-5.399999999999988631e+02
-5.399999999999988631e+02
-5.399999999999988631e+02
-5.399999999999988631e+02
-5.399999999999988631e+02
-5.399999999999988631e+02
-5.399999999999988631e+02
-5.399999999999988631e+02
-5.399999999999988631e+02
-5.399999999999988631e+02
-5.399999999999988631e+02
-5.399999999999988631e+02
-5.399999999999988631e+02
-5.399999999999988631e+02
-5.399999999999988631e+02
-5.399999999999988631e+02
-5.399999999999988631e+02
-5.399999999999988631e+02
-5.399999999999988631e+02
-5.399999999999988631e+02
-5.399999999999988631e+02
-5.399999999999988631e+02
-5.399999999999988631e+02
-5.399999999999988631e+02
-5.399999999999988631e+02
-5.399999999999988631e+02
-5.399999999999988631e+02
-5.399999999999988631e+02
-5.399999999999988631e+02
-5.399999999999988631e+02
-5.399999999999988631e+02
-5.399999999999988631e+02
-5.399999999999988631e+02
-5.399999999999988631e+02
-5.399999999999988631e+02
-5.399999999999988631e+02
-5.399999999999988631e+02
-5.399999999999988631e+02
-5.399999999999988631e+02
-5.399999999999988631e+02
-5.399999999999988631e+02
-5.399999999999988631e+02
-5.399999999999988631e+02
-5.219999999999989768e+02
-5.399999999999988631e+02
-5.399999999999988631e+02
-5.399999999999988631e+02
-5.399999999999988631e+02
-5.399999999999988631e+02
-5.399999999999988631e+02
-5.399999999999988631e+02
-5.399999999999988631e+02
-5.399999999999988631e+02
-5.399999999999988631e+02
-5.399999999999988631e+02
-5.399999999999988631e+02
-5.399999999999988631e+02
-5.399999999999988631e+02
-5.399999999999988631e+02
-5.399999999999988631e+02
-5.399999999999988631e+02
-5.399999999999988631e+02
-5.399999999999988631e+02
-5.399999999999988631e+02
-5.399999999999988631e+02
-5.399999999999988631e+02
-5.399999999999988631e+02
-5.399999999999988631e+02
-5.399999999999988631e+02
-5.399999999999988631e+02
-5.399999999999988631e+02
-5.399999999999988631e+02
-5.399999999999988631e+02
-5.399999999999988631e+02
-5.399999999999988631e+02
-5.399999999999988631e+02
-5.399999999999988631e+02
-5.399999999999988631e+02
-5.399999999999988631e+02
-5.399999999999988631e+02
-5.399999999999988631e+02
-5.399999999999988631e+02
-5.399999999999988631e+02
-5.399999999999988631e+02
-5.399999999999988631e+02
-5.399999999999988631e+02
-5.399999999999988631e+02
-5.399999999999988631e+02
-5.399999999999988631e+02
-5.399999999999988631e+02
-5.399999999999988631e+02
-5.399999999999988631e+02
-5.399999999999988631e+02
-5.399999999999988631e+02
-5.399999999999988631e+02
-5.399999999999988631e+02
-5.399999999999988631e+02
-5.399999999999988631e+02
-5.399999999999988631e+02
-5.399999999999988631e+02
-5.399999999999988631e+02
-5.399999999999988631e+02
-5.399999999999988631e+02
-5.399999999999988631e+02
-5.399999999999988631e+02
-5.399999999999988631e+02
-5.399999999999988631e+02
-5.399999999999988631e+02
-5.399999999999988631e+02
-5.399999999999988631e+02
-5.399999999999988631e+02
-5.399999999999988631e+02
-5.399999999999988631e+02
-5.399999999999988631e+02
-5.399999999999988631e+02
-5.399999999999988631e+02
-5.399999999999988631e+02
-5.399999999999988631e+02
-5.219999999999989768e+02
-5.399999999999988631e+02
-5.399999999999988631e+02
-5.399999999999988631e+02
-5.399999999999988631e+02
-5.399999999999988631e+02
-5.399999999999988631e+02
-5.399999999999988631e+02
-5.399999999999988631e+02
