-3.799999999999992042e+02
-1.999999999999996021e+02
-2.799999999999994316e+02
-2.999999999999994316e+02
-2.799999999999994316e+02
-3.599999999999993179e+02
-1.799999999999996589e+02
-2.999999999999994316e+02
-2.399999999999995168e+02
-3.399999999999993179e+02
-3.399999999999993179e+02
-3.199999999999993179e+02
-3.399999999999993179e+02
-2.599999999999994884e+02
-2.199999999999996021e+02
-3.799999999999992610e+02
-1.799999999999996589e+02
-3.799999999999992610e+02
-1.399999999999997158e+02
-2.399999999999995453e+02
-3.399999999999993179e+02
-2.999999999999994316e+02
-2.999999999999994316e+02
-2.999999999999994316e+02
-1.599999999999996589e+02
-2.199999999999995453e+02
-2.199999999999995453e+02
-2.399999999999995453e+02
-2.799999999999994316e+02
-4.199999999999992042e+02
-3.599999999999993179e+02
-4.599999999999990905e+02
-4.599999999999990905e+02
-2.799999999999994316e+02
-3.599999999999993179e+02
-3.199999999999993747e+02
-2.399999999999995737e+02
-3.799999999999993179e+02
-2.399999999999994884e+02
-3.199999999999993747e+02
-2.599999999999994316e+02
-2.399999999999994884e+02
-2.599999999999995453e+02
-2.599999999999994884e+02
-2.199999999999995737e+02
-3.199999999999993747e+02
-2.799999999999994316e+02
-7.999999999999984368e+01
-2.999999999999994316e+02
-3.599999999999993179e+02
-3.999999999999992042e+02
-3.599999999999992610e+02
-4.399999999999990905e+02
-3.799999999999992610e+02
-3.799999999999992610e+02
-3.799999999999992610e+02
-3.199999999999993747e+02
-3.799999999999992610e+02
-3.799999999999992610e+02
-2.999999999999993747e+02
-1.799999999999996589e+02
-2.599999999999994884e+02
-1.999999999999996021e+02
-4.199999999999992042e+02
-4.199999999999992042e+02
-1.599999999999996589e+02
-2.799999999999994316e+02
-2.599999999999994884e+02
-2.599999999999994884e+02
-4.999999999999990337e+02
-4.199999999999991473e+02
-2.999999999999994316e+02
-1.399999999999997158e+02
-9.999999999999981526e+01
-2.599999999999994884e+02
-2.599999999999994884e+02
-3.399999999999993179e+02
-1.799999999999996305e+02
-2.199999999999996021e+02
-4.199999999999991473e+02
-3.599999999999993179e+02
-2.199999999999995453e+02
-3.399999999999993179e+02
-3.399999999999993179e+02
-1.999999999999996021e+02
-2.799999999999994316e+02
-3.799999999999992042e+02
-2.399999999999995453e+02
-3.799999999999992610e+02
-4.199999999999991473e+02
-2.599999999999994316e+02
-4.199999999999992042e+02
-2.599999999999995453e+02
-3.599999999999993179e+02
-3.199999999999993179e+02
-3.999999999999992042e+02
-3.799999999999992610e+02
-1.999999999999996305e+02
-1.399999999999997158e+02
-1.399999999999997158e+02
-1.999999999999997158e+01
-4.199999999999992042e+02
-3.399999999999993179e+02
-4.399999999999990905e+02
-1.799999999999996589e+02
-1.399999999999997158e+02
-2.799999999999994316e+02
-4.199999999999991473e+02
-3.399999999999993179e+02
-2.799999999999994316e+02
-2.799999999999994316e+02
-3.799999999999992610e+02
-4.599999999999990905e+02
-2.799999999999994316e+02
-3.799999999999992610e+02
-2.199999999999995737e+02
-2.799999999999994316e+02
-2.399999999999995453e+02
-3.599999999999993179e+02
-3.599999999999993179e+02
-3.199999999999993747e+02
-2.799999999999994316e+02
-1.799999999999996589e+02
-2.599999999999994884e+02
-1.999999999999996021e+02
-4.599999999999990905e+02
-2.199999999999995453e+02
-3.399999999999993179e+02
-2.999999999999994316e+02
-3.199999999999993747e+02
-3.599999999999993179e+02
-2.799999999999994884e+02
-4.599999999999990905e+02
-3.199999999999993179e+02
-3.599999999999993179e+02
-3.999999999999992042e+02
-2.599999999999994884e+02
-2.799999999999994316e+02
-2.199999999999995453e+02
-3.399999999999993179e+02
-2.399999999999995453e+02
-2.999999999999993747e+02
-4.999999999999990337e+02
-4.599999999999990905e+02
-2.399999999999995453e+02
-3.399999999999993179e+02
-2.799999999999994316e+02
-2.799999999999994316e+02
-2.999999999999994316e+02
-2.199999999999995453e+02
-3.599999999999993179e+02
-4.399999999999990905e+02
-2.399999999999994884e+02
-2.999999999999994316e+02
-3.399999999999993179e+02
-4.199999999999991473e+02
-2.399999999999995168e+02
-2.799999999999994316e+02
-2.399999999999995453e+02
-4.199999999999992042e+02
-3.199999999999993747e+02
-2.599999999999994884e+02
-3.599999999999993179e+02
-3.599999999999992610e+02
-2.799999999999994316e+02
-3.799999999999992610e+02
-2.999999999999994316e+02
-3.599999999999993179e+02
-2.999999999999994316e+02
-3.999999999999992042e+02
-4.399999999999990905e+02
-2.999999999999994316e+02
-3.399999999999993179e+02
-3.999999999999992042e+02
-3.599999999999993179e+02
-3.599999999999993179e+02
-2.599999999999994884e+02
-1.799999999999996305e+02
-2.599999999999994884e+02
-7.999999999999982947e+01
-4.399999999999990905e+02
-3.199999999999993179e+02
-4.999999999999990337e+02
-3.399999999999993179e+02
-2.199999999999996021e+02
-2.999999999999994316e+02
-2.599999999999994884e+02
-3.599999999999993179e+02
-3.799999999999993179e+02
-3.199999999999993747e+02
-3.799999999999992610e+02
-3.799999999999992042e+02
-3.999999999999992042e+02
-2.199999999999995737e+02
-4.199999999999991473e+02
-2.799999999999994316e+02
-3.399999999999993179e+02
-3.999999999999992042e+02
-2.999999999999994316e+02
-2.599999999999994316e+02
-3.799999999999992610e+02
-2.199999999999995453e+02
-3.399999999999993179e+02
-2.599999999999994884e+02
-3.999999999999992042e+02
-3.199999999999993179e+02
-2.999999999999994316e+02
-3.599999999999992610e+02
-4.199999999999991473e+02
-1.799999999999996589e+02
-2.999999999999993747e+02
-3.199999999999993747e+02
-2.999999999999994316e+02
-1.999999999999996021e+02
-3.399999999999993179e+02
-3.399999999999993179e+02
-2.999999999999994316e+02
-2.999999999999994316e+02
-1.599999999999996874e+02
-2.999999999999994316e+02
-3.999999999999992042e+02
-2.199999999999995737e+02
-4.199999999999991473e+02
-2.999999999999994316e+02
-2.799999999999994316e+02
-1.399999999999997442e+02
-2.799999999999994316e+02
-2.799999999999994316e+02
-2.999999999999994316e+02
-2.599999999999994884e+02
-2.799999999999994316e+02
-3.599999999999993179e+02
-2.799999999999994316e+02
-3.199999999999993747e+02
-4.399999999999992042e+02
-3.399999999999993747e+02
-4.199999999999992042e+02
-2.599999999999995453e+02
-1.399999999999996874e+02
-3.599999999999993179e+02
-2.599999999999995453e+02
-3.599999999999993179e+02
-2.599999999999994884e+02
-3.799999999999992042e+02
-2.399999999999995168e+02
-4.199999999999992042e+02
-4.599999999999990905e+02
-3.599999999999992610e+02
-3.199999999999993179e+02
-3.599999999999993179e+02
-3.799999999999993179e+02
-3.199999999999994316e+02
-3.799999999999992610e+02
-2.999999999999994316e+02
-3.799999999999993179e+02
-3.399999999999993179e+02
-3.199999999999993747e+02
-2.599999999999994884e+02
-3.399999999999993179e+02
-3.199999999999993747e+02
-3.999999999999992042e+02
-4.999999999999990337e+02
-2.399999999999995453e+02
-3.799999999999993179e+02
-2.399999999999995453e+02
-3.199999999999993747e+02
-2.799999999999994316e+02
-4.999999999999990337e+02
-3.799999999999992610e+02
-4.199999999999991473e+02
-3.599999999999993179e+02
-2.999999999999994316e+02
-3.999999999999992042e+02
-2.999999999999994316e+02
-2.399999999999994884e+02
-4.399999999999991473e+02
-3.199999999999993747e+02
-3.999999999999992042e+02
-3.599999999999993179e+02
-4.399999999999990905e+02
-2.399999999999994884e+02
-2.799999999999995453e+02
-2.399999999999995168e+02
-2.799999999999994316e+02
-3.399999999999993747e+02
-3.199999999999993747e+02
-3.399999999999993179e+02
-3.999999999999992042e+02
-3.999999999999992042e+02
-3.399999999999993179e+02
-3.399999999999993179e+02
-3.599999999999992610e+02
-4.199999999999992042e+02
-4.199999999999991473e+02
-3.799999999999992042e+02
-3.599999999999993179e+02
-2.599999999999994884e+02
-3.599999999999993179e+02
-3.399999999999993179e+02
-4.599999999999990905e+02
-3.199999999999993179e+02
-3.199999999999993747e+02
-4.199999999999992042e+02
-3.399999999999993179e+02
-3.399999999999993179e+02
-4.599999999999990905e+02
-3.799999999999992610e+02
-1.799999999999996305e+02
-3.799999999999992610e+02
-3.199999999999993747e+02
-4.599999999999990905e+02
-2.599999999999994884e+02
-3.599999999999993179e+02
-3.399999999999993179e+02
-4.799999999999990905e+02
-4.199999999999992042e+02
-4.599999999999990905e+02
-4.799999999999990905e+02
-2.999999999999994316e+02
-4.599999999999990905e+02
-1.799999999999996589e+02
-2.999999999999994316e+02
-4.199999999999992042e+02
-2.799999999999994316e+02
-3.399999999999993179e+02
-3.999999999999992042e+02
-3.799999999999992042e+02
-4.399999999999992042e+02
-3.799999999999993179e+02
-4.599999999999990905e+02
-4.799999999999990337e+02
-4.399999999999990905e+02
-2.599999999999994884e+02
-3.399999999999993179e+02
-2.999999999999994316e+02
-3.599999999999993179e+02
-4.799999999999990905e+02
-3.199999999999993747e+02
-4.199999999999991473e+02
-3.399999999999993179e+02
-3.999999999999992042e+02
-3.799999999999992042e+02
-2.399999999999995168e+02
-3.999999999999992042e+02
-3.999999999999992042e+02
-4.199999999999991473e+02
-4.599999999999990905e+02
-4.199999999999992042e+02
-2.799999999999994316e+02
-3.199999999999994316e+02
-2.999999999999994316e+02
-3.999999999999992042e+02
-2.199999999999995737e+02
-3.599999999999993179e+02
-3.999999999999992042e+02
-2.999999999999994316e+02
-4.199999999999992042e+02
-3.999999999999992042e+02
-3.599999999999993179e+02
-3.199999999999993179e+02
-3.199999999999993747e+02
-4.599999999999990905e+02
-3.799999999999992610e+02
-4.399999999999991473e+02
-3.199999999999993747e+02
-2.999999999999994316e+02
-3.599999999999992610e+02
-2.799999999999994316e+02
-2.799999999999994316e+02
-2.999999999999993747e+02
-2.999999999999994316e+02
-2.799999999999994316e+02
-4.799999999999990337e+02
-2.999999999999994316e+02
-4.799999999999990905e+02
-1.999999999999996021e+02
-4.199999999999992042e+02
-3.199999999999993747e+02
-2.999999999999994316e+02
-4.399999999999991473e+02
-3.599999999999993179e+02
-3.799999999999992042e+02
-1.999999999999996021e+02
-3.999999999999992042e+02
-3.999999999999992042e+02
-4.199999999999991473e+02
-3.599999999999993179e+02
-3.399999999999993179e+02
-4.599999999999992042e+02
-4.799999999999990905e+02
-4.599999999999990905e+02
-4.599999999999992042e+02
-2.599999999999994884e+02
-2.399999999999995453e+02
-3.199999999999993747e+02
-3.399999999999993179e+02
-3.799999999999992042e+02
-4.199999999999991473e+02
-3.799999999999992042e+02
-4.199999999999992042e+02
-3.799999999999992042e+02
-4.799999999999990905e+02
-3.199999999999993747e+02
-3.799999999999992042e+02
-4.799999999999990337e+02
-4.799999999999990905e+02
-4.199999999999992042e+02
-2.999999999999994316e+02
-3.799999999999992042e+02
-2.999999999999994316e+02
-3.799999999999992042e+02
-3.799999999999992042e+02
-3.999999999999992042e+02
-3.199999999999993747e+02
-3.799999999999992610e+02
-2.999999999999994316e+02
-3.399999999999993179e+02
-3.999999999999992042e+02
-4.999999999999990337e+02
-3.999999999999992042e+02
-1.999999999999996021e+02
-3.999999999999992042e+02
-3.799999999999992610e+02
-4.199999999999992042e+02
-3.399999999999993179e+02
-4.199999999999991473e+02
-3.999999999999992042e+02
-3.399999999999993179e+02
-3.799999999999992610e+02
-3.799999999999992610e+02
-3.799999999999993179e+02
-3.599999999999993179e+02
-3.799999999999992610e+02
-3.199999999999993179e+02
-4.199999999999991473e+02
-4.399999999999991473e+02
-2.999999999999993747e+02
-4.399999999999990905e+02
-4.399999999999990905e+02
-3.799999999999992610e+02
-4.199999999999992042e+02
-3.999999999999992042e+02
-3.999999999999992042e+02
-4.199999999999992042e+02
-4.599999999999990905e+02
-4.399999999999991473e+02
-4.399999999999990905e+02
-4.999999999999990337e+02
-4.199999999999991473e+02
-3.799999999999992610e+02
-4.599999999999990905e+02
-4.199999999999992042e+02
-3.199999999999993747e+02
-4.399999999999990905e+02
-3.799999999999992610e+02
-4.799999999999990905e+02
-4.599999999999992042e+02
-4.199999999999992042e+02
-4.799999999999990905e+02
-3.799999999999993179e+02
-4.599999999999990905e+02
-3.999999999999992042e+02
-3.799999999999993179e+02
-4.199999999999991473e+02
-2.399999999999995453e+02
-4.399999999999991473e+02
-3.799999999999993179e+02
-4.399999999999991473e+02
-3.999999999999992042e+02
-3.799999999999992610e+02
-4.199999999999991473e+02
-3.999999999999992042e+02
-4.399999999999990905e+02
-4.599999999999990905e+02
-4.799999999999990905e+02
-4.799999999999990905e+02
-3.999999999999992042e+02
-4.599999999999990337e+02
-4.399999999999990905e+02
-4.599999999999990905e+02
-2.799999999999994884e+02
-3.599999999999993179e+02
-4.199999999999992042e+02
-3.399999999999993179e+02
-2.599999999999994884e+02
-4.399999999999991473e+02
-3.399999999999993179e+02
-3.799999999999992610e+02
-4.199999999999992042e+02
-3.799999999999992610e+02
-4.539999999999991473e+02
-3.999999999999992042e+02
-4.599999999999990905e+02
-4.399999999999991473e+02
-4.799999999999990905e+02
-4.599999999999991473e+02
-4.199999999999992042e+02
-3.199999999999994316e+02
-4.999999999999990337e+02
-4.599999999999990905e+02
-3.999999999999992042e+02
-4.199999999999992042e+02
-4.199999999999992042e+02
-3.799999999999992042e+02
-4.399999999999990905e+02
-3.399999999999993179e+02
-4.399999999999990905e+02
-3.599999999999993179e+02
-3.999999999999992042e+02
-3.399999999999993179e+02
-3.399999999999993747e+02
-4.599999999999990337e+02
-3.599999999999993179e+02
-4.199999999999991473e+02
-3.799999999999992610e+02
-2.999999999999994316e+02
-4.599999999999990905e+02
-4.799999999999990905e+02
-4.599999999999990905e+02
-4.599999999999990905e+02
-2.799999999999994316e+02
-3.199999999999993747e+02
-4.799999999999990337e+02
-3.199999999999993179e+02
-3.999999999999992042e+02
-3.399999999999993179e+02
-4.799999999999990905e+02
-4.399999999999991473e+02
-4.399999999999990905e+02
-4.799999999999990905e+02
-4.199999999999991473e+02
-4.599999999999990337e+02
-3.799999999999992610e+02
-4.599999999999990905e+02
-4.399999999999990905e+02
-3.599999999999993179e+02
-4.199999999999991473e+02
-4.799999999999990905e+02
-4.199999999999992042e+02
-4.199999999999992042e+02
-4.999999999999990337e+02
-3.999999999999992042e+02
-3.999999999999992042e+02
-4.399999999999992042e+02
-3.799999999999992610e+02
-3.399999999999993179e+02
-4.199999999999992042e+02
-3.399999999999994316e+02
-3.799999999999992610e+02
-3.399999999999993179e+02
-3.399999999999993179e+02
-3.599999999999992610e+02
-4.599999999999990337e+02
-3.999999999999991473e+02
-4.799999999999990337e+02
-4.799999999999990905e+02
-4.599999999999990905e+02
-3.799999999999992042e+02
-4.799999999999990905e+02
-4.599999999999990905e+02
-4.599999999999990337e+02
-3.999999999999992042e+02
-4.599999999999990905e+02
-4.599999999999990905e+02
-3.599999999999993179e+02
-3.999999999999992042e+02
-4.999999999999990337e+02
-4.599999999999990905e+02
-3.999999999999992042e+02
-4.599999999999990905e+02
-4.199999999999992042e+02
-3.599999999999993179e+02
-3.999999999999992042e+02
-3.799999999999993179e+02
-4.799999999999990905e+02
-3.999999999999992042e+02
-3.799999999999992610e+02
-4.799999999999990905e+02
-3.599999999999992610e+02
-4.399999999999991473e+02
-4.599999999999991473e+02
-4.399999999999990905e+02
-3.999999999999992042e+02
-4.399999999999991473e+02
-3.999999999999992042e+02
-2.999999999999993747e+02
-4.199999999999992042e+02
-4.199999999999991473e+02
-4.199999999999992042e+02
-4.399999999999992042e+02
-3.399999999999993179e+02
-4.399999999999991473e+02
-4.199999999999992042e+02
-4.199999999999991473e+02
-4.399999999999990905e+02
-3.799999999999992042e+02
-4.599999999999990905e+02
-3.199999999999993747e+02
-3.799999999999992042e+02
-4.799999999999990905e+02
-4.799999999999990905e+02
-3.999999999999992042e+02
-4.399999999999992042e+02
-4.199999999999992042e+02
-4.199999999999992042e+02
-4.799999999999990905e+02
-4.799999999999990905e+02
-4.199999999999992042e+02
-4.999999999999990337e+02
-4.399999999999991473e+02
-4.599999999999990905e+02
-4.399999999999990905e+02
-3.999999999999992042e+02
-4.599999999999990905e+02
-4.399999999999990905e+02
-3.999999999999992042e+02
-4.199999999999991473e+02
-3.999999999999992042e+02
-4.399999999999991473e+02
-3.999999999999992042e+02
-4.599999999999990905e+02
-4.599999999999990905e+02
-3.399999999999993179e+02
-4.799999999999990905e+02
-4.999999999999990337e+02
-3.199999999999993747e+02
-4.399999999999991473e+02
-4.399999999999990905e+02
-4.199999999999992042e+02
-3.599999999999993747e+02
-4.799999999999990905e+02
-3.999999999999992042e+02
-3.999999999999992042e+02
-4.999999999999990337e+02
-3.799999999999993179e+02
-3.799999999999992610e+02
-4.799999999999990905e+02
-3.799999999999992610e+02
-4.599999999999990905e+02
-4.799999999999990905e+02
-4.999999999999990337e+02
-3.599999999999993179e+02
-4.599999999999990337e+02
-4.399999999999990905e+02
-4.199999999999992042e+02
-4.599999999999991473e+02
-4.399999999999990905e+02
-4.599999999999991473e+02
-4.599999999999990905e+02
-3.599999999999992610e+02
-4.599999999999990337e+02
-4.599999999999991473e+02
-4.799999999999990905e+02
-3.999999999999992042e+02
-3.999999999999992042e+02
-4.399999999999992042e+02
-4.599999999999991473e+02
-4.799999999999990905e+02
-4.199999999999992042e+02
-4.599999999999991473e+02
-4.799999999999990905e+02
-3.799999999999992610e+02
-4.199999999999992042e+02
-4.199999999999992042e+02
-3.599999999999993179e+02
-3.999999999999992042e+02
-3.999999999999992042e+02
-4.599999999999990337e+02
-4.399999999999992042e+02
-4.799999999999990905e+02
-4.199999999999992042e+02
-4.799999999999990905e+02
-4.999999999999990337e+02
-4.599999999999991473e+02
-4.599999999999991473e+02
-4.199999999999992042e+02
-4.999999999999990337e+02
-4.199999999999991473e+02
-4.799999999999990905e+02
-4.799999999999990337e+02
-4.999999999999990337e+02
-4.599999999999990337e+02
-4.199999999999992042e+02
-4.399999999999991473e+02
-4.999999999999990337e+02
-3.199999999999993747e+02
-4.599999999999990905e+02
-3.999999999999992042e+02
-4.799999999999990905e+02
-4.999999999999990337e+02
-4.199999999999992042e+02
-4.799999999999990905e+02
-3.799999999999992610e+02
-3.999999999999992042e+02
-4.599999999999990905e+02
-4.199999999999992042e+02
-3.999999999999992042e+02
-4.799999999999990905e+02
-4.799999999999990905e+02
-3.999999999999992042e+02
-4.599999999999991473e+02
-4.199999999999992042e+02
-3.199999999999993747e+02
-4.199999999999992042e+02
-4.799999999999990905e+02
-2.799999999999994316e+02
-4.999999999999990337e+02
-4.999999999999990337e+02
-3.999999999999992042e+02
-4.999999999999990337e+02
-3.799999999999992042e+02
-4.599999999999990905e+02
-4.999999999999990337e+02
-4.599999999999990905e+02
-4.599999999999991473e+02
-4.799999999999990905e+02
-4.999999999999990337e+02
-4.199999999999991473e+02
-3.759999999999992042e+02
-4.399999999999992042e+02
-4.799999999999990905e+02
-4.399999999999992042e+02
-3.999999999999992042e+02
-4.399999999999991473e+02
-3.399999999999993179e+02
-4.599999999999991473e+02
-4.599999999999991473e+02
-4.599999999999991473e+02
-4.799999999999990905e+02
-4.399999999999990905e+02
-3.799999999999992610e+02
-4.599999999999991473e+02
-3.599999999999993179e+02
-4.599999999999990905e+02
-4.399999999999992042e+02
-4.599999999999991473e+02
-4.199999999999992042e+02
-4.599999999999990337e+02
-4.999999999999990337e+02
-4.799999999999990905e+02
-4.999999999999990337e+02
-4.599999999999991473e+02
-4.599999999999991473e+02
-4.799999999999990905e+02
-4.579999999999991473e+02
-4.399999999999992042e+02
-4.599999999999991473e+02
-4.599999999999990337e+02
-4.399999999999992042e+02
-4.599999999999990337e+02
-4.399999999999991473e+02
-4.599999999999991473e+02
-4.799999999999990905e+02
-3.999999999999992042e+02
-4.363999999999990678e+02
-4.799999999999990905e+02
-4.199999999999992042e+02
-4.799999999999990905e+02
-4.799999999999990905e+02
-4.799999999999990905e+02
-4.799999999999990905e+02
-4.799999999999990905e+02
-4.599999999999991473e+02
-4.599999999999991473e+02
-4.399999999999992042e+02
-4.599999999999991473e+02
-4.599999999999991473e+02
-4.999999999999990337e+02
-4.999999999999990337e+02
-4.399999999999992042e+02
-4.399999999999992042e+02
-4.999999999999990337e+02
-4.799999999999990905e+02
-4.999999999999990337e+02
-4.999999999999990337e+02
-4.999999999999990337e+02
-4.399999999999992042e+02
-4.999999999999990337e+02
-4.599999999999991473e+02
-4.399999999999992042e+02
-4.999999999999990337e+02
-4.799999999999990905e+02
-4.799999999999990905e+02
-4.599999999999991473e+02
-4.399999999999992042e+02
-4.599999999999991473e+02
-4.599999999999991473e+02
-4.599999999999991473e+02
-4.399999999999990905e+02
-4.599999999999991473e+02
-4.387999999999991587e+02
-4.999999999999990337e+02
-4.999999999999990337e+02
-4.199999999999992042e+02
-4.999999999999990337e+02
-4.999999999999990337e+02
-4.799999999999990905e+02
-4.999999999999990337e+02
-4.999999999999990337e+02
-4.599999999999991473e+02
-4.999999999999990337e+02
-4.599999999999991473e+02
-4.399999999999992042e+02
-4.599999999999991473e+02
-3.999999999999992042e+02
-4.599999999999991473e+02
-4.999999999999990337e+02
-4.799999999999990905e+02
-4.999999999999990337e+02
-4.999999999999990337e+02
-4.599999999999991473e+02
-4.599999999999991473e+02
-4.399999999999992042e+02
-4.599999999999991473e+02
-4.599999999999991473e+02
-4.599999999999991473e+02
-4.399999999999992042e+02
-3.399999999999993179e+02
-4.599999999999991473e+02
-4.999999999999990337e+02
-4.399999999999992042e+02
-4.599999999999990905e+02
-4.599999999999991473e+02
-4.999999999999990337e+02
-4.999999999999990337e+02
-4.999999999999990337e+02
-4.599999999999991473e+02
-4.999999999999990337e+02
-4.399999999999992042e+02
-4.399999999999992042e+02
-4.999999999999990337e+02
-4.999999999999990337e+02
-4.399999999999992042e+02
-4.199999999999992042e+02
-4.799999999999990905e+02
-4.399999999999992042e+02
-4.799999999999990905e+02
-4.999999999999990337e+02
-4.599999999999991473e+02
-4.399999999999992042e+02
-4.399999999999992042e+02
-4.599999999999991473e+02
-4.939999999999990337e+02
-4.399999999999992042e+02
-4.599999999999991473e+02
-4.199999999999992042e+02
-4.599999999999991473e+02
-4.599999999999991473e+02
-4.199999999999991473e+02
-4.999999999999990337e+02
-4.399999999999992042e+02
-4.599999999999991473e+02
-4.599999999999991473e+02
-4.399999999999992042e+02
-4.199999999999991473e+02
-4.599999999999991473e+02
-4.599999999999991473e+02
-4.399999999999992042e+02
-4.599999999999991473e+02
-4.999999999999990337e+02
-4.599999999999991473e+02
-4.399999999999992042e+02
-4.799999999999990905e+02
-4.199999999999992042e+02
-4.399999999999992042e+02
-4.999999999999990337e+02
-4.599999999999991473e+02
-4.599999999999991473e+02
-4.799999999999990905e+02
-4.599999999999991473e+02
-4.999999999999990337e+02
-4.399999999999992042e+02
-4.599999999999991473e+02
-4.999999999999990337e+02
-4.999999999999990337e+02
-4.199999999999992042e+02
-4.999999999999990337e+02
-4.399999999999992042e+02
-4.599999999999990905e+02
-4.999999999999990337e+02
-4.599999999999991473e+02
-4.999999999999990337e+02
-4.599999999999991473e+02
-4.399999999999992042e+02
-4.399999999999992042e+02
-4.599999999999991473e+02
-4.999999999999990337e+02
-4.999999999999990337e+02
-4.799999999999990905e+02
-4.999999999999990337e+02
-4.399999999999992042e+02
-4.599999999999991473e+02
-4.399999999999992042e+02
-4.599999999999991473e+02
-4.599999999999991473e+02
-4.599999999999991473e+02
-4.599999999999991473e+02
-4.599999999999991473e+02
-4.599999999999991473e+02
-4.599999999999991473e+02
-4.599999999999991473e+02
-4.599999999999991473e+02
-4.999999999999990337e+02
-4.999999999999990337e+02
-4.599999999999991473e+02
-4.599999999999991473e+02
-4.399999999999992042e+02
-4.599999999999991473e+02
-4.599999999999991473e+02
-4.599999999999991473e+02
-4.599999999999991473e+02
-4.399999999999992042e+02
-4.599999999999991473e+02
-4.399999999999992042e+02
-4.399999999999992042e+02
-4.599999999999991473e+02
-4.399999999999992042e+02
-4.599999999999991473e+02
-4.599999999999991473e+02
-4.599999999999991473e+02
-4.599999999999991473e+02
-4.599999999999990905e+02
-4.399999999999992042e+02
-4.399999999999992042e+02
-4.399999999999992042e+02
-4.599999999999991473e+02
-4.599999999999991473e+02
-4.599999999999991473e+02
-4.399999999999992042e+02
-4.599999999999991473e+02
-4.599999999999991473e+02
-4.399999999999992042e+02
-4.999999999999990337e+02
-4.399999999999992042e+02
-4.599999999999991473e+02
-4.599999999999991473e+02
-4.599999999999991473e+02
-4.599999999999991473e+02
-4.599999999999990905e+02
-4.599999999999990905e+02
-4.999999999999990337e+02
-4.599999999999991473e+02
-4.599999999999991473e+02
-4.599999999999991473e+02
-4.999999999999990337e+02
-4.399999999999992042e+02
-4.999999999999990337e+02
-4.999999999999990337e+02
-4.999999999999990337e+02
-4.399999999999992042e+02
-4.599999999999991473e+02
-4.999999999999990337e+02
-4.999999999999990337e+02
-4.999999999999990337e+02
-4.399999999999992042e+02
-4.399999999999992042e+02
-4.999999999999990337e+02
-4.599999999999991473e+02
-4.399999999999992042e+02
-4.599999999999991473e+02
-4.999999999999990337e+02
-4.999999999999990337e+02
-4.599999999999991473e+02
-4.599999999999991473e+02
-4.599999999999991473e+02
-4.999999999999990337e+02
-4.399999999999992042e+02
-4.599999999999991473e+02
-4.399999999999992042e+02
-4.399999999999992042e+02
-4.599999999999991473e+02
-4.599999999999991473e+02
-4.599999999999991473e+02
-4.399999999999992042e+02
-4.599999999999991473e+02
-4.599999999999991473e+02
-4.599999999999991473e+02
-4.399999999999992042e+02
-4.599999999999991473e+02
-4.999999999999990337e+02
-4.399999999999992042e+02
-4.399999999999992042e+02
-4.399999999999992042e+02
-4.599999999999991473e+02
-4.999999999999990337e+02
-4.999999999999990337e+02
-4.399999999999992042e+02
-4.599999999999991473e+02
-4.399999999999992042e+02
-4.599999999999991473e+02
-4.399999999999992042e+02
-4.599999999999991473e+02
-4.399999999999992042e+02
-4.999999999999990337e+02
-4.399999999999992042e+02
-4.599999999999991473e+02
-4.599999999999991473e+02
-4.399999999999992042e+02
-4.999999999999990337e+02
-4.599999999999991473e+02
