-2.799999999999994316e+02
-3.999999999999992042e+02
-4.199999999999992042e+02
-1.999999999999996021e+02
-3.999999999999992042e+02
-2.399999999999995168e+02
-1.199999999999997442e+02
-5.399999999999988631e+02
-2.999999999999994316e+02
-2.799999999999994884e+02
-1.799999999999996305e+02
-2.999999999999994316e+02
-3.199999999999993747e+02
-1.799999999999996589e+02
-1.199999999999997584e+02
-4.399999999999990905e+02
-3.399999999999993179e+02
-3.999999999999992042e+02
-3.399999999999993179e+02
-3.199999999999993747e+02
-3.799999999999992042e+02
-5.199999999999989768e+02
-2.999999999999994316e+02
-4.799999999999990905e+02
-3.399999999999993179e+02
-2.599999999999994316e+02
-3.799999999999992610e+02
-2.799999999999994316e+02
-2.999999999999994316e+02
-4.399999999999990905e+02
-3.399999999999993179e+02
-4.399999999999990905e+02
-1.799999999999996305e+02
-3.999999999999992610e+02
-5.199999999999989768e+02
-5.399999999999989768e+02
-1.799999999999996305e+02
-3.199999999999993747e+02
-3.199999999999993179e+02
-1.999999999999996021e+02
-4.799999999999990905e+02
-4.399999999999990905e+02
-4.199999999999992042e+02
-3.599999999999993179e+02
-1.199999999999997442e+02
-3.599999999999992610e+02
-3.199999999999993747e+02
-3.199999999999994316e+02
-5.599999999999988631e+02
-5.199999999999989768e+02
-1.199999999999997726e+02
-2.799999999999994316e+02
-9.999999999999980105e+01
-2.199999999999995737e+02
-1.599999999999996589e+02
-2.599999999999995453e+02
-5.399999999999989768e+02
-5.999999999999988631e+02
-1.999999999999995737e+02
-2.599999999999994884e+02
-2.199999999999995453e+02
-5.199999999999989768e+02
-2.999999999999994316e+02
-4.399999999999992042e+02
-1.999999999999996021e+02
-5.799999999999988631e+02
-3.999999999999992042e+02
-2.999999999999994316e+02
-1.199999999999997442e+02
-2.399999999999995168e+02
-5.399999999999988631e+02
-4.399999999999990905e+02
-2.399999999999994884e+02
-3.399999999999993179e+02
-3.799999999999992610e+02
-3.199999999999994316e+02
-3.399999999999993179e+02
-1.999999999999996305e+02
-2.999999999999993747e+02
-5.199999999999989768e+02
-2.799999999999994316e+02
-3.599999999999992610e+02
-1.999999999999996021e+02
-3.999999999999992042e+02
-4.999999999999990337e+02
-2.599999999999994884e+02
-4.599999999999990905e+02
-5.399999999999988631e+02
-3.999999999999992042e+02
-2.399999999999995453e+02
-4.199999999999992042e+02
-3.199999999999993747e+02
-2.799999999999994316e+02
-2.199999999999995737e+02
-2.799999999999994316e+02
-2.199999999999995453e+02
-2.799999999999994316e+02
-2.599999999999994884e+02
-3.399999999999993179e+02
-3.199999999999994316e+02
-3.399999999999993179e+02
-4.199999999999992042e+02
-3.999999999999992042e+02
-3.199999999999993747e+02
-3.599999999999993179e+02
-1.999999999999996021e+02
-3.999999999999992042e+02
-3.199999999999993747e+02
-3.799999999999992042e+02
-1.999999999999996021e+02
-5.199999999999989768e+02
-3.199999999999993747e+02
-5.199999999999989768e+02
-1.999999999999996021e+02
-2.999999999999994316e+02
-3.999999999999992042e+02
-1.599999999999996874e+02
-2.999999999999994316e+02
-2.399999999999995453e+02
-3.999999999999992042e+02
-3.399999999999993179e+02
-2.599999999999995453e+02
-3.399999999999993179e+02
-2.799999999999994316e+02
-1.999999999999996021e+02
-4.599999999999990905e+02
-3.799999999999992042e+02
-3.999999999999992610e+02
-1.599999999999996874e+02
-2.799999999999994316e+02
-9.999999999999980105e+01
-2.999999999999994316e+02
-5.199999999999990905e+02
-1.999999999999996021e+02
-3.599999999999992610e+02
-4.199999999999992042e+02
-5.999999999999987210e+01
-3.399999999999993179e+02
-2.799999999999994316e+02
-2.599999999999995453e+02
-2.199999999999995737e+02
-5.599999999999988631e+02
-3.599999999999993179e+02
-4.399999999999991473e+02
-3.599999999999993179e+02
-2.599999999999994884e+02
-3.199999999999993179e+02
-4.399999999999991473e+02
-2.799999999999994316e+02
-1.399999999999997158e+02
-3.599999999999993179e+02
-4.799999999999990905e+02
-2.399999999999995453e+02
-5.399999999999989768e+02
-1.799999999999996589e+02
-3.599999999999993179e+02
-4.999999999999990337e+02
-1.799999999999996589e+02
-5.399999999999988631e+02
-1.799999999999996305e+02
-2.599999999999994884e+02
-3.399999999999993179e+02
-2.799999999999994316e+02
-4.999999999999989768e+02
-3.799999999999992610e+02
-2.599999999999994884e+02
-2.799999999999994316e+02
-1.599999999999997158e+02
-2.399999999999994884e+02
-3.199999999999994316e+02
-4.799999999999990905e+02
-2.799999999999994316e+02
-4.599999999999990905e+02
-3.199999999999993747e+02
-2.599999999999994884e+02
-2.799999999999994316e+02
-3.399999999999993179e+02
-4.199999999999992042e+02
-2.799999999999994316e+02
-2.999999999999994316e+02
-6.199999999999988631e+02
-3.599999999999993179e+02
-1.999999999999996021e+02
-3.399999999999993179e+02
-2.599999999999994884e+02
-2.799999999999994884e+02
-3.199999999999994316e+02
-2.799999999999994316e+02
-3.199999999999994316e+02
-3.599999999999993179e+02
-5.599999999999988631e+02
-4.399999999999991473e+02
-4.399999999999991473e+02
-3.799999999999992610e+02
-2.599999999999995453e+02
-4.199999999999991473e+02
-2.199999999999996021e+02
-2.199999999999995453e+02
-2.599999999999994884e+02
-4.599999999999991473e+02
-3.199999999999993747e+02
-2.799999999999994316e+02
-2.599999999999994884e+02
-1.999999999999996021e+02
-3.999999999999992042e+02
-3.399999999999993179e+02
-3.799999999999992610e+02
-3.399999999999993179e+02
-1.599999999999996874e+02
-2.999999999999994316e+02
-3.199999999999993747e+02
-5.199999999999989768e+02
-3.399999999999993179e+02
-3.199999999999994316e+02
-1.199999999999997726e+02
-4.399999999999991473e+02
-4.199999999999992042e+02
-6.199999999999988631e+02
-4.999999999999990337e+02
-2.399999999999995168e+02
-2.199999999999995453e+02
-3.799999999999992610e+02
-3.799999999999992042e+02
-2.799999999999994316e+02
-4.399999999999990905e+02
-3.399999999999993179e+02
-3.399999999999993179e+02
-2.599999999999994884e+02
-2.799999999999994316e+02
-3.999999999999992042e+02
-3.999999999999992042e+02
-2.399999999999994884e+02
-3.599999999999992610e+02
-1.599999999999996874e+02
-1.999999999999996021e+02
-4.599999999999990905e+02
-3.799999999999992610e+02
-4.999999999999989768e+02
-3.599999999999993179e+02
-3.199999999999993747e+02
-3.599999999999993179e+02
-3.599999999999993179e+02
-2.199999999999995737e+02
-3.799999999999992610e+02
-3.799999999999992042e+02
-5.199999999999990905e+02
-1.999999999999995737e+02
-1.599999999999996874e+02
-4.799999999999990905e+02
-4.599999999999990905e+02
-2.999999999999994316e+02
-1.599999999999996589e+02
-1.599999999999996874e+02
-4.199999999999992042e+02
-2.199999999999995453e+02
-1.399999999999997442e+02
-2.199999999999995453e+02
-9.999999999999980105e+01
-4.199999999999991473e+02
-1.599999999999997158e+02
-1.999999999999996305e+02
-1.999999999999996021e+02
-3.199999999999993747e+02
-3.399999999999993747e+02
-4.399999999999990905e+02
-3.599999999999993179e+02
-3.799999999999992610e+02
-2.799999999999994316e+02
-2.599999999999994884e+02
-4.399999999999990905e+02
-3.199999999999993747e+02
-2.799999999999994316e+02
-2.399999999999995453e+02
-2.399999999999995453e+02
-5.199999999999989768e+02
-2.999999999999994316e+02
-2.599999999999994884e+02
-3.799999999999993179e+02
-1.999999999999996021e+02
-3.199999999999993747e+02
-2.399999999999995168e+02
-4.999999999999989768e+02
-1.999999999999995737e+02
-3.399999999999993179e+02
-1.599999999999996589e+02
-1.799999999999996589e+02
-4.399999999999991473e+02
-5.399999999999988631e+02
-2.399999999999994884e+02
-3.199999999999993179e+02
-2.599999999999994884e+02
-2.799999999999994316e+02
-2.599999999999995453e+02
-3.799999999999992042e+02
-2.999999999999994316e+02
-3.599999999999992610e+02
-2.399999999999994884e+02
-3.399999999999993179e+02
-4.599999999999991473e+02
-3.599999999999993179e+02
-3.199999999999993747e+02
-2.999999999999994316e+02
-4.399999999999990905e+02
-2.799999999999994884e+02
-3.599999999999993179e+02
-1.999999999999996021e+02
-3.199999999999993179e+02
-1.599999999999997158e+02
-2.799999999999994316e+02
-5.399999999999988631e+02
-3.199999999999993747e+02
-3.199999999999993747e+02
-2.799999999999994316e+02
-4.999999999999989768e+02
-3.999999999999992042e+02
-3.199999999999993747e+02
-4.599999999999990905e+02
-3.999999999999992042e+02
-4.399999999999990905e+02
-4.399999999999990905e+02
-3.599999999999993179e+02
-2.999999999999994316e+02
-3.399999999999993747e+02
-3.199999999999993747e+02
-2.799999999999994316e+02
-2.199999999999995737e+02
-3.599999999999992610e+02
-3.399999999999993179e+02
-1.399999999999997158e+02
-4.399999999999992042e+02
-1.999999999999996021e+02
-2.599999999999994884e+02
-3.199999999999993747e+02
-3.999999999999992042e+02
-4.799999999999990337e+02
-4.739999999999990905e+02
-4.199999999999991473e+02
-5.999999999999987921e+01
-3.599999999999992610e+02
-4.999999999999989768e+02
-2.999999999999994316e+02
-1.199999999999997442e+02
-2.799999999999994316e+02
-5.799999999999988631e+02
-3.399999999999993179e+02
-4.599999999999991473e+02
-2.799999999999994316e+02
-3.599999999999992610e+02
-2.199999999999995737e+02
-2.999999999999994316e+02
-4.999999999999990905e+02
-3.599999999999993179e+02
-9.999999999999978684e+01
-1.999999999999996021e+02
-2.799999999999994316e+02
-2.799999999999994884e+02
-5.399999999999989768e+02
-4.599999999999990905e+02
-3.999999999999992042e+02
-1.399999999999997158e+02
-2.799999999999994316e+02
-3.999999999999992042e+02
-1.399999999999997158e+02
-2.999999999999994316e+02
-1.799999999999996589e+02
-3.399999999999993179e+02
-3.199999999999993747e+02
-3.399999999999993179e+02
-5.399999999999988631e+02
-4.199999999999992042e+02
-5.199999999999989768e+02
-5.999999999999987210e+01
-3.799999999999992610e+02
-5.199999999999989768e+02
-3.599999999999993179e+02
-2.599999999999994884e+02
-6.199999999999988631e+02
-3.199999999999993747e+02
-5.399999999999988631e+02
-2.999999999999993747e+02
-4.999999999999989768e+02
-4.399999999999990905e+02
-3.999999999999992042e+02
-4.999999999999990337e+02
-3.599999999999993179e+02
-2.799999999999994884e+02
-3.599999999999993179e+02
-2.799999999999994316e+02
-3.599999999999992610e+02
-4.599999999999990905e+02
-3.999999999999992042e+02
-3.199999999999993747e+02
-2.199999999999995737e+02
-2.799999999999994316e+02
-5.199999999999990905e+02
-3.399999999999993179e+02
-3.999999999999992042e+02
-1.199999999999997442e+02
-2.599999999999994884e+02
-1.999999999999996021e+02
-3.599999999999993179e+02
-2.399999999999995453e+02
-4.599999999999990905e+02
-4.999999999999989768e+02
-3.539999999999993179e+02
-3.799999999999992610e+02
-1.999999999999996305e+02
-3.399999999999993179e+02
-2.799999999999994316e+02
-2.199999999999996021e+02
-3.799999999999992042e+02
-3.399999999999993179e+02
-3.799999999999992042e+02
-2.999999999999993747e+02
-3.599999999999993179e+02
-3.199999999999993747e+02
-2.799999999999994316e+02
-1.599999999999997158e+02
-3.199999999999993747e+02
-3.199999999999993179e+02
-4.399999999999990905e+02
-1.999999999999996021e+02
-3.599999999999993179e+02
-3.199999999999993179e+02
-3.399999999999993179e+02
-2.799999999999994316e+02
-2.799999999999994316e+02
-4.399999999999991473e+02
-3.799999999999993179e+02
-2.599999999999994884e+02
-3.399999999999993179e+02
-2.599999999999994884e+02
-2.599999999999994884e+02
-4.199999999999991473e+02
-3.599999999999993179e+02
-2.199999999999995453e+02
-5.999999999999988631e+02
-5.599999999999988631e+02
-2.199999999999996021e+02
-4.999999999999990905e+02
-2.599999999999995453e+02
-2.599999999999995453e+02
-9.999999999999980105e+01
-3.599999999999992610e+02
-3.799999999999992610e+02
-3.599999999999993179e+02
-1.999999999999996021e+02
-2.199999999999995453e+02
-3.399999999999993179e+02
-1.199999999999997726e+02
-3.399999999999993179e+02
-3.199999999999993179e+02
-3.999999999999992610e+02
-3.199999999999993179e+02
-2.799999999999994316e+02
-4.599999999999990905e+02
-1.399999999999997158e+02
-2.799999999999994316e+02
-4.399999999999991473e+02
-2.999999999999994316e+02
-1.799999999999996589e+02
-2.599999999999995453e+02
-5.399999999999988631e+02
-1.799999999999996589e+02
-3.599999999999992610e+02
-3.199999999999993179e+02
-7.999999999999985789e+01
-4.399999999999991473e+02
-3.999999999999992042e+02
-4.799999999999990337e+02
-2.999999999999993747e+02
-1.999999999999995737e+02
-1.799999999999996589e+02
-3.599999999999993179e+02
-2.599999999999994884e+02
-2.799999999999994316e+02
-2.999999999999993747e+02
-5.199999999999989768e+02
-4.199999999999992042e+02
-4.799999999999990905e+02
-3.999999999999992895e+01
-1.199999999999997584e+02
-1.599999999999996874e+02
-4.199999999999992042e+02
-3.199999999999993747e+02
-2.999999999999994316e+02
-2.199999999999995737e+02
-3.599999999999993179e+02
-4.199999999999991473e+02
-3.399999999999993179e+02
-3.199999999999993747e+02
-1.399999999999997158e+02
-5.399999999999988631e+02
-5.199999999999990905e+02
-3.199999999999993179e+02
-3.199999999999993747e+02
-5.199999999999990905e+02
-1.599999999999997158e+02
-2.199999999999996021e+02
-4.599999999999990905e+02
-4.199999999999992042e+02
-2.399999999999995453e+02
-4.199999999999991473e+02
-4.199999999999992042e+02
-5.599999999999988631e+02
-4.399999999999992042e+02
-2.399999999999995168e+02
-3.599999999999993179e+02
-4.399999999999991473e+02
-3.199999999999993747e+02
-3.999999999999992042e+02
-1.399999999999997158e+02
-3.599999999999993179e+02
-2.399999999999995453e+02
-1.599999999999997158e+02
-3.599999999999992610e+02
-2.999999999999994316e+02
-9.999999999999981526e+01
-4.799999999999990905e+02
-5.199999999999989768e+02
-3.999999999999992610e+02
-5.199999999999989768e+02
-3.199999999999994316e+02
-4.599999999999990905e+02
-4.399999999999991473e+02
-3.799999999999993179e+02
-2.399999999999995453e+02
-4.599999999999990905e+02
-3.999999999999991473e+01
-3.599999999999993179e+02
-2.199999999999996021e+02
-2.599999999999994884e+02
-1.199999999999997584e+02
-3.599999999999993179e+02
-2.199999999999995737e+02
-1.599999999999997158e+02
-2.599999999999994316e+02
-2.599999999999994884e+02
-1.799999999999996305e+02
-3.999999999999992610e+02
-2.799999999999994316e+02
-3.599999999999993179e+02
-2.399999999999995453e+02
-3.799999999999992042e+02
-2.799999999999994884e+02
-3.999999999999992042e+02
-3.599999999999993179e+02
-4.399999999999990905e+02
-5.199999999999988631e+02
-1.999999999999996021e+02
-1.999999999999996021e+02
-1.999999999999996021e+02
-1.199999999999997726e+02
-2.199999999999995453e+02
-2.199999999999995737e+02
-4.999999999999990337e+02
-3.199999999999993747e+02
-2.399999999999995453e+02
-3.999999999999992042e+02
-5.199999999999989768e+02
-2.399999999999995453e+02
-2.399999999999995453e+02
-3.799999999999993179e+02
1.999999999999997158e+01
-3.799999999999992042e+02
-2.199999999999995453e+02
-1.799999999999996589e+02
-1.199999999999997726e+02
-3.999999999999992042e+02
-3.599999999999993179e+02
-3.799999999999992610e+02
-3.199999999999993179e+02
-2.399999999999995453e+02
-3.599999999999993179e+02
-4.199999999999992042e+02
-3.599999999999993179e+02
-1.199999999999997868e+02
-1.399999999999997442e+02
-2.599999999999994316e+02
-5.199999999999989768e+02
-3.999999999999992042e+02
-2.599999999999994884e+02
-5.399999999999988631e+02
-2.199999999999995453e+02
-1.999999999999996305e+02
-2.399999999999995737e+02
-2.199999999999995453e+02
-2.199999999999995453e+02
-3.799999999999992610e+02
-5.399999999999988631e+02
-5.599999999999988631e+02
-2.599999999999994884e+02
-3.799999999999992610e+02
-4.199999999999992042e+02
-3.599999999999993179e+02
-3.939999999999992042e+02
-3.999999999999992042e+02
-2.999999999999993747e+02
-4.199999999999992042e+02
-4.999999999999989768e+02
-4.999999999999989768e+02
-2.999999999999994316e+02
-3.599999999999993179e+02
-4.199999999999992042e+02
-3.399999999999993179e+02
-1.999999999999995737e+02
-4.599999999999990905e+02
-2.399999999999995453e+02
-1.199999999999997442e+02
-4.199999999999992042e+02
-2.399999999999995168e+02
-5.399999999999988631e+02
-3.599999999999993179e+02
-2.199999999999996021e+02
-4.399999999999991473e+02
-3.599999999999992610e+02
-7.999999999999982947e+01
-2.999999999999994316e+02
-3.599999999999993179e+02
-3.599999999999992610e+02
-2.399999999999995168e+02
-5.199999999999989768e+02
-1.399999999999997158e+02
-4.399999999999990905e+02
-1.399999999999997726e+02
-3.999999999999992042e+02
-3.199999999999993747e+02
-1.999999999999996021e+02
-4.999999999999989768e+02
-4.399999999999992042e+02
-2.999999999999993747e+02
-5.599999999999988631e+02
-2.799999999999994316e+02
-2.799999999999994316e+02
-2.199999999999995737e+02
-2.599999999999994884e+02
-2.599999999999994884e+02
-2.999999999999993747e+02
-2.399999999999995453e+02
-3.199999999999993747e+02
-4.599999999999990905e+02
-3.799999999999992610e+02
-4.799999999999990337e+02
-3.399999999999993179e+02
-4.399999999999990905e+02
-5.999999999999986500e+01
-4.399999999999991473e+02
-3.399999999999993179e+02
-2.199999999999996021e+02
-2.599999999999994884e+02
-3.599999999999993179e+02
-2.399999999999995453e+02
-4.599999999999990905e+02
-5.399999999999988631e+02
-4.199999999999992042e+02
-3.399999999999993179e+02
-1.999999999999996305e+02
-2.799999999999994316e+02
-9.999999999999980105e+01
-3.599999999999993179e+02
-5.599999999999988631e+02
-7.999999999999984368e+01
-5.799999999999988631e+02
-4.799999999999990337e+02
-3.599999999999993179e+02
-1.199999999999997726e+02
-2.199999999999995737e+02
-2.399999999999995168e+02
-3.999999999999992042e+02
-2.799999999999994316e+02
-3.199999999999993747e+02
-1.999999999999996021e+02
-2.999999999999994316e+02
-2.599999999999994316e+02
-3.599999999999993179e+02
-4.999999999999989768e+02
-2.399999999999995453e+02
-4.199999999999992042e+02
-5.399999999999989768e+02
-1.599999999999996589e+02
-4.999999999999990337e+02
-2.999999999999993747e+02
3.999999999999992895e+01
-2.999999999999994316e+02
-3.599999999999993179e+02
-1.399999999999997158e+02
-5.199999999999990905e+02
-3.199999999999993747e+02
-4.199999999999991473e+02
-2.599999999999994884e+02
-1.799999999999996589e+02
-2.599999999999994884e+02
-2.599999999999994884e+02
-2.399999999999994884e+02
-4.799999999999990905e+02
-4.199999999999991473e+02
-5.399999999999989768e+02
-3.999999999999992042e+02
-5.399999999999988631e+02
-2.999999999999993747e+02
-3.599999999999993179e+02
-1.399999999999997726e+02
-1.399999999999997726e+02
-2.199999999999995737e+02
-3.199999999999993179e+02
-3.399999999999993179e+02
-2.799999999999994316e+02
-1.139999999999997868e+02
-3.399999999999993179e+02
-2.999999999999994316e+02
-3.199999999999993747e+02
-2.199999999999995737e+02
-2.999999999999994316e+02
-2.199999999999995737e+02
-5.199999999999989768e+02
-3.999999999999992042e+02
-3.999999999999992610e+02
-2.399999999999995168e+02
-5.999999999999988631e+02
-1.999999999999996305e+02
-1.599999999999996589e+02
-3.599999999999993179e+02
-3.599999999999993179e+02
-4.599999999999990905e+02
-3.199999999999993179e+02
-2.339999999999995168e+02
-2.599999999999994316e+02
-3.799999999999992610e+02
-2.799999999999994316e+02
-2.599999999999994884e+02
-7.999999999999984368e+01
-2.599999999999994884e+02
-2.799999999999994316e+02
-2.999999999999994316e+02
-2.999999999999993747e+02
-4.799999999999990905e+02
-2.199999999999995453e+02
-1.399999999999997442e+02
-1.421085471520200372e-14
-2.399999999999995453e+02
-3.199999999999993179e+02
-3.799999999999992042e+02
-3.399999999999993179e+02
-3.999999999999992042e+02
-3.599999999999993179e+02
-1.999999999999996021e+02
-2.999999999999994316e+02
-1.399999999999996874e+02
-3.799999999999993179e+02
-7.999999999999982947e+01
-2.199999999999995737e+02
-3.599999999999992610e+02
-1.065814103640150279e-14
-2.999999999999994316e+02
-4.999999999999989768e+02
-1.999999999999996447e+01
-1.999999999999996305e+02
-4.999999999999989768e+02
-5.199999999999989768e+02
-3.599999999999993179e+02
-1.399999999999997158e+02
-4.199999999999992042e+02
-3.199999999999993747e+02
-2.199999999999995737e+02
-5.199999999999989768e+02
-3.999999999999992042e+02
-3.199999999999993747e+02
-2.999999999999994316e+02
-5.399999999999988631e+02
-4.199999999999992042e+02
-4.999999999999990337e+02
-5.199999999999989768e+02
-2.599999999999995453e+02
-3.599999999999993179e+02
-3.399999999999993179e+02
-2.199999999999996021e+02
-5.399999999999988631e+02
-4.599999999999990905e+02
-3.399999999999993179e+02
-3.599999999999993179e+02
-2.199999999999995453e+02
-2.599999999999994884e+02
-2.399999999999995168e+02
-2.999999999999994316e+02
-3.799999999999992042e+02
-3.799999999999992610e+02
-5.399999999999988631e+02
-4.999999999999990337e+02
-3.799999999999992042e+02
-2.599999999999995453e+02
-3.999999999999992042e+02
-3.599999999999993179e+02
-2.599999999999994316e+02
-1.799999999999996589e+02
-2.399999999999995168e+02
-4.399999999999990905e+02
-2.399999999999995168e+02
-2.799999999999994316e+02
-5.199999999999990905e+02
-5.399999999999988631e+02
-3.399999999999993179e+02
-2.799999999999994316e+02
-2.799999999999994316e+02
-5.399999999999988631e+02
-4.599999999999990905e+02
-2.599999999999994884e+02
-4.199999999999992042e+02
-2.399999999999995453e+02
-2.599999999999994884e+02
-2.999999999999994316e+02
-3.599999999999992610e+02
-1.999999999999996021e+02
-2.399999999999995168e+02
-4.599999999999990905e+02
-3.199999999999993747e+02
-3.799999999999993179e+02
-2.799999999999994316e+02
-2.599999999999994884e+02
-3.399999999999993179e+02
-2.399999999999995453e+02
-3.799999999999992042e+02
-2.799999999999994316e+02
-2.599999999999994884e+02
-9.999999999999981526e+01
-4.599999999999990905e+02
-2.799999999999994316e+02
-5.399999999999988631e+02
-3.799999999999992610e+02
-3.599999999999993179e+02
-3.199999999999993747e+02
-2.199999999999995453e+02
-3.599999999999993179e+02
-2.599999999999995453e+02
-4.599999999999990905e+02
-1.999999999999996021e+02
-1.799999999999996305e+02
-3.999999999999992042e+02
-5.399999999999988631e+02
-2.199999999999995737e+02
-3.999999999999992042e+02
-9.999999999999980105e+01
-1.999999999999996021e+02
-3.999999999999992042e+02
-5.799999999999988631e+02
-2.399999999999994884e+02
-3.199999999999994316e+02
-3.199999999999993179e+02
-4.799999999999990905e+02
-4.999999999999989768e+02
-3.199999999999993747e+02
-3.399999999999993179e+02
-3.399999999999993179e+02
-4.199999999999992042e+02
-2.799999999999994316e+02
-2.199999999999995453e+02
-1.799999999999996021e+02
-4.799999999999990905e+02
-4.399999999999990905e+02
-4.399999999999991473e+02
-3.199999999999993179e+02
-1.399999999999997158e+02
-3.199999999999993747e+02
-4.199999999999991473e+02
-3.999999999999992042e+02
-4.199999999999992042e+02
-2.999999999999994316e+02
-3.799999999999992610e+02
-1.799999999999996589e+02
-2.599999999999995453e+02
-5.399999999999988631e+02
-3.999999999999992042e+02
-2.599999999999994884e+02
-3.799999999999992610e+02
-2.599999999999995453e+02
-1.599999999999996589e+02
-1.999999999999996021e+02
-2.799999999999994316e+02
-3.599999999999993179e+02
-5.599999999999988631e+02
-3.799999999999992610e+02
-2.999999999999994316e+02
-3.599999999999992610e+02
-4.399999999999990905e+02
-1.399999999999997158e+02
-2.799999999999994316e+02
-5.199999999999989768e+02
-2.999999999999994316e+02
-1.599999999999996874e+02
-4.599999999999990905e+02
-1.999999999999997868e+01
-4.599999999999990905e+02
-4.199999999999992042e+02
-2.599999999999995453e+02
-3.399999999999993179e+02
-2.599999999999994884e+02
-3.199999999999993747e+02
-3.399999999999993179e+02
-3.199999999999993179e+02
-1.999999999999995737e+02
-4.599999999999990905e+02
-3.799999999999992042e+02
-2.599999999999995453e+02
-3.399999999999993747e+02
-3.399999999999993179e+02
-2.399999999999995453e+02
-4.199999999999992042e+02
-3.799999999999992042e+02
-1.999999999999996021e+02
-1.399999999999997158e+02
-4.199999999999992042e+02
-2.599999999999994884e+02
-3.999999999999992042e+02
-2.399999999999995453e+02
-5.399999999999988631e+02
-2.199999999999995453e+02
-2.799999999999994316e+02
-2.799999999999994316e+02
-5.999999999999988631e+02
-2.799999999999994316e+02
-3.799999999999992610e+02
-5.199999999999989768e+02
-3.799999999999992042e+02
-2.799999999999994316e+02
-3.799999999999992042e+02
-1.999999999999996447e+01
-4.199999999999992042e+02
-2.399999999999995168e+02
-1.999999999999996021e+02
-3.599999999999993179e+02
-4.199999999999992042e+02
-2.999999999999994316e+02
-3.599999999999992610e+02
-3.399999999999993179e+02
-2.399999999999995168e+02
-2.399999999999995453e+02
-4.599999999999990905e+02
-5.399999999999989768e+02
-3.599999999999992610e+02
-2.799999999999994316e+02
-2.199999999999995737e+02
-4.399999999999990905e+02
-2.599999999999994884e+02
-2.799999999999994316e+02
-5.199999999999989768e+02
-1.199999999999997442e+02
-1.199999999999997726e+02
-1.599999999999996589e+02
-1.799999999999996305e+02
-4.999999999999990337e+02
-3.199999999999993747e+02
-3.599999999999993179e+02
-3.199999999999993747e+02
-5.599999999999988631e+02
-4.599999999999990905e+02
-1.899999999999996021e+02
-3.399999999999993179e+02
-3.799999999999992042e+02
-3.999999999999992042e+02
-1.999999999999996021e+02
-3.999999999999992042e+02
-4.199999999999992042e+02
-3.799999999999992610e+02
-7.999999999999982947e+01
-3.799999999999992042e+02
-7.999999999999984368e+01
-2.599999999999994884e+02
-2.999999999999994316e+02
-1.999999999999996021e+02
-3.399999999999993179e+02
-4.799999999999990905e+02
-4.199999999999992042e+02
-7.999999999999982947e+01
-2.799999999999994316e+02
-4.199999999999991473e+02
-5.399999999999988631e+02
-4.599999999999990905e+02
-3.399999999999993179e+02
-7.999999999999984368e+01
-2.599999999999994884e+02
-3.399999999999993179e+02
-2.399999999999995168e+02
-2.999999999999994316e+02
-5.399999999999988631e+02
-4.199999999999992042e+02
-2.999999999999994316e+02
-2.199999999999995453e+02
-3.399999999999993179e+02
-1.599999999999996874e+02
-2.399999999999995168e+02
-2.599999999999994884e+02
-2.599999999999994884e+02
-7.999999999999982947e+01
-4.399999999999991473e+02
-3.999999999999992895e+01
-2.199999999999995737e+02
-4.199999999999992042e+02
-2.999999999999993747e+02
-3.199999999999993747e+02
-3.799999999999992042e+02
-2.799999999999994884e+02
